14,2022-11-11 09:32:49,ULTRACEMCO,6925,0.0,0.0,0.0,0,0,5700,24-Nov-2022,0.0,0.0,0.0,48,0,0,3.16,0.0,0.0
15,2022-11-11 09:32:49,ULTRACEMCO,6925,0.0,0.0,0.0,1,0,5800,24-Nov-2022,0.0,0.0,0.0,148,0,0,3.16,0.0,0.0
16,2022-11-11 09:32:49,ULTRACEMCO,6925,0.0,0.0,0.0,0,0,5900,24-Nov-2022,-1.5151515151515151,-2.3000000000000003,40.83,65,-1,-1,3.16,0.0,0.0
17,2022-11-11 09:32:49,ULTRACEMCO,6925,0.0,0.0,0.0,96,0,6000,24-Nov-2022,-0.7259528130671506,-2.7,38.73,547,-4,-4,3.16,0.0,547.0
18,2022-11-11 09:32:49,ULTRACEMCO,6925,0.0,0.0,0.0,5,0,6100,24-Nov-2022,-1.2244897959183674,-3.8999999999999995,36.39,242,-3,-3,3.16,0.0,0.0
19,2022-11-11 09:32:49,ULTRACEMCO,6925,0.0,0.0,0.0,37,0,6200,24-Nov-2022,0.4576659038901602,-5.449999999999999,34.04,439,2,2,3.16,0.0,0.0
20,2022-11-11 09:32:49,ULTRACEMCO,6925,0.0,0.0,0.0,134,0,6300,24-Nov-2022,0.2242152466367713,-7.75,32.44,447,1,1,3.16,0.0,0.0
21,2022-11-11 09:32:49,ULTRACEMCO,6925,0.0,57.950000000000045,15.64,111,0,6400,24-Nov-2022,-2.3904382470119523,-11.350000000000001,30.53,490,-12,-12,3.16,0.0,0.0
22,2022-11-11 09:32:49,ULTRACEMCO,6925,0.0,0.0,0.0,188,0,6500,24-Nov-2022,0.5988023952095808,-17.849999999999998,28.97,672,4,4,3.16,0.0,672.0
23,2022-11-11 09:32:49,ULTRACEMCO,6925,0.0,0.0,0.0,220,0,6600,24-Nov-2022,3.585657370517928,-25.15,27.89,520,18,18,3.16,0.0,0.0
24,2022-11-11 09:32:49,ULTRACEMCO,6925,0.0,67.85,30.1,243,0,6700,24-Nov-2022,-0.7504690431519699,-35.45,27.02,529,-4,-4,3.16,0.0,529.0
25,2022-11-11 09:32:49,ULTRACEMCO,6925,0.6920415224913494,60.20000000000002,28.8,291,2,6800,24-Nov-2022,0.4750593824228028,-44.3,26.34,423,2,0,3.16,0.0,0.0
26,2022-11-11 09:32:49,ULTRACEMCO,6925,16.75392670157068,49.5,28.92,669,96,6900,24-Nov-2022,20.76502732240437,-57.39999999999999,26.29,221,38,-58,3.16,0.0,0.0
27,2022-11-11 09:32:49,ULTRACEMCO,6925,-5.4742547425474255,35.2,27.93,1744,-101,7000,24-Nov-2022,-2.359882005899705,-70.60000000000002,25.82,331,-8,93,3.16,1744.0,0.0
28,2022-11-11 09:32:49,ULTRACEMCO,6925,-1.771117166212534,25.700000000000003,28.12,721,-13,7100,24-Nov-2022,-2.272727272727273,-25.149999999999977,27.12,43,-1,12,3.16,0.0,0.0
29,2022-11-11 09:32:49,ULTRACEMCO,6925,-4.077010192525481,16.9,27.79,847,-36,7200,24-Nov-2022,0.0,0.0,0.0,6,0,36,3.16,847.0,0.0
30,2022-11-11 09:32:49,ULTRACEMCO,6925,-0.5905511811023622,10.049999999999997,28.02,505,-3,7300,24-Nov-2022,0.0,0.0,0.0,3,0,3,3.16,0.0,0.0
31,2022-11-11 09:32:49,ULTRACEMCO,6925,0.5617977528089888,5.850000000000001,28.52,537,3,7400,24-Nov-2022,0.0,0.0,0.0,2,0,-3,3.16,0.0,0.0
32,2022-11-11 09:32:49,ULTRACEMCO,6925,-1.6722408026755853,2.9000000000000004,28.8,882,-15,7500,24-Nov-2022,0.0,0.0,0.0,10,0,15,3.16,882.0,0.0
33,2022-11-11 09:32:49,ULTRACEMCO,6925,0.6191950464396285,1.3000000000000007,30.42,325,2,7600,24-Nov-2022,0.0,0.0,0.0,0,0,-2,3.16,0.0,0.0
34,2022-11-11 09:32:49,ULTRACEMCO,6925,8.064516129032258,0.5500000000000007,32.0,201,15,7700,24-Nov-2022,0.0,0.0,0.0,0,0,-15,3.16,0.0,0.0
35,2022-11-11 09:32:49,ULTRACEMCO,6925,-6.25,0.25,33.68,180,-12,7800,24-Nov-2022,0.0,0.0,0.0,0,0,12,3.16,0.0,0.0
36,2022-11-11 09:32:49,ULTRACEMCO,6925,1.408450704225352,-0.6500000000000004,35.5,360,5,7900,24-Nov-2022,0.0,0.0,0.0,0,0,-5,3.16,0.0,0.0
37,2022-11-11 09:32:49,ULTRACEMCO,6925,9.900990099009901,-0.39999999999999947,36.81,111,10,8000,24-Nov-2022,0.0,0.0,0.0,0,0,-10,3.16,0.0,0.0
38,2022-11-11 09:32:49,ULTRACEMCO,6925,0.0,0.0,0.0,0,0,8100,24-Nov-2022,0.0,0.0,0.0,0,0,0,3.16,0.0,0.0
14,2022-11-11 09:34:58,ULTRACEMCO,6925,0.0,0.0,0.0,0,0,5700,24-Nov-2022,0.0,0.0,0.0,48,0,0,7.36,0.0,0.0
15,2022-11-11 09:34:58,ULTRACEMCO,6925,0.0,0.0,0.0,1,0,5800,24-Nov-2022,0.0,0.0,0.0,148,0,0,7.36,0.0,0.0
16,2022-11-11 09:34:58,ULTRACEMCO,6925,0.0,0.0,0.0,0,0,5900,24-Nov-2022,-1.5151515151515151,-2.3000000000000003,40.97,65,-1,-1,7.36,0.0,0.0
17,2022-11-11 09:34:58,ULTRACEMCO,6925,0.0,0.0,0.0,96,0,6000,24-Nov-2022,-0.7259528130671506,-2.8000000000000007,39.09,547,-4,-4,7.36,0.0,547.0
18,2022-11-11 09:34:58,ULTRACEMCO,6925,0.0,0.0,0.0,5,0,6100,24-Nov-2022,-1.2244897959183674,-3.8999999999999995,36.58,242,-3,-3,7.36,0.0,0.0
19,2022-11-11 09:34:58,ULTRACEMCO,6925,0.0,0.0,0.0,37,0,6200,24-Nov-2022,0.2288329519450801,-5.699999999999999,34.14,438,1,1,7.36,0.0,0.0
20,2022-11-11 09:34:58,ULTRACEMCO,6925,0.0,0.0,0.0,134,0,6300,24-Nov-2022,-1.345291479820628,-7.5,32.21,440,-6,-6,7.36,0.0,0.0
21,2022-11-11 09:34:58,ULTRACEMCO,6925,0.0,57.950000000000045,0.0,111,0,6400,24-Nov-2022,-2.191235059760956,-10.750000000000002,30.41,491,-11,-11,7.36,0.0,0.0
22,2022-11-11 09:34:58,ULTRACEMCO,6925,0.0,0.0,0.0,188,0,6500,24-Nov-2022,1.0479041916167664,-16.299999999999997,28.87,675,7,7,7.36,0.0,675.0
23,2022-11-11 09:34:58,ULTRACEMCO,6925,0.0,0.0,0.0,220,0,6600,24-Nov-2022,4.382470119521912,-23.449999999999996,27.76,524,22,22,7.36,0.0,0.0
24,2022-11-11 09:34:58,ULTRACEMCO,6925,0.0,67.85,28.12,243,0,6700,24-Nov-2022,0.37523452157598497,-31.25,26.88,535,2,2,7.36,0.0,535.0
25,2022-11-11 09:34:58,ULTRACEMCO,6925,-3.8062283737024223,53.849999999999994,29.38,278,-11,6800,24-Nov-2022,1.187648456057007,-43.2,26.06,426,5,16,7.36,0.0,0.0
26,2022-11-11 09:34:58,ULTRACEMCO,6925,9.424083769633508,42.30000000000001,28.6,627,54,6900,24-Nov-2022,22.404371584699454,-52.599999999999994,26.12,224,41,-13,7.36,0.0,0.0
27,2022-11-11 09:34:58,ULTRACEMCO,6925,-5.582655826558265,30.64999999999999,28.35,1742,-103,7000,24-Nov-2022,-2.949852507374631,-67.05000000000001,25.66,329,-10,93,7.36,1742.0,0.0
28,2022-11-11 09:34:58,ULTRACEMCO,6925,-2.316076294277929,23.200000000000003,28.37,717,-17,7100,24-Nov-2022,-2.272727272727273,-25.149999999999977,28.63,43,-1,16,7.36,0.0,0.0
29,2022-11-11 09:34:58,ULTRACEMCO,6925,-3.1710079275198186,13.899999999999999,28.24,855,-28,7200,24-Nov-2022,0.0,0.0,0.0,6,0,28,7.36,855.0,0.0
30,2022-11-11 09:34:58,ULTRACEMCO,6925,-2.559055118110236,9.549999999999997,28.39,495,-13,7300,24-Nov-2022,0.0,0.0,0.0,3,0,13,7.36,0.0,0.0
31,2022-11-11 09:34:58,ULTRACEMCO,6925,-5.430711610486892,5.900000000000002,28.72,505,-29,7400,24-Nov-2022,0.0,0.0,0.0,2,0,29,7.36,0.0,0.0
32,2022-11-11 09:34:58,ULTRACEMCO,6925,-1.4492753623188406,3.1500000000000004,29.68,884,-13,7500,24-Nov-2022,0.0,0.0,0.0,10,0,13,7.36,884.0,0.0
33,2022-11-11 09:34:58,ULTRACEMCO,6925,0.9287925696594427,1.5,30.79,326,3,7600,24-Nov-2022,0.0,0.0,0.0,0,0,-3,7.36,0.0,0.0
34,2022-11-11 09:34:58,ULTRACEMCO,6925,7.526881720430108,0.4500000000000002,32.3,200,14,7700,24-Nov-2022,0.0,0.0,0.0,0,0,-14,7.36,0.0,0.0
35,2022-11-11 09:34:58,ULTRACEMCO,6925,-5.729166666666667,0.5499999999999998,34.01,181,-11,7800,24-Nov-2022,0.0,0.0,0.0,0,0,11,7.36,0.0,0.0
36,2022-11-11 09:34:58,ULTRACEMCO,6925,0.8450704225352113,-0.09999999999999964,35.93,358,3,7900,24-Nov-2022,0.0,0.0,0.0,0,0,-3,7.36,0.0,0.0
37,2022-11-11 09:34:58,ULTRACEMCO,6925,8.910891089108912,-0.25,37.37,110,9,8000,24-Nov-2022,0.0,0.0,0.0,0,0,-9,7.36,0.0,0.0
38,2022-11-11 09:34:58,ULTRACEMCO,6925,0.0,0.0,0.0,0,0,8100,24-Nov-2022,0.0,0.0,0.0,0,0,0,7.36,0.0,0.0
14,2022-11-11 09:39:58,ULTRACEMCO,6925,0.0,0.0,0.0,0,0,5700,24-Nov-2022,0.0,0.0,0.0,48,0,0,6.2,0.0,0.0
15,2022-11-11 09:39:58,ULTRACEMCO,6925,0.0,0.0,0.0,1,0,5800,24-Nov-2022,0.0,0.0,0.0,148,0,0,6.2,0.0,0.0
16,2022-11-11 09:39:58,ULTRACEMCO,6925,0.0,0.0,0.0,0,0,5900,24-Nov-2022,-1.5151515151515151,-2.3000000000000003,40.36,65,-1,-1,6.2,0.0,0.0
17,2022-11-11 09:39:58,ULTRACEMCO,6925,0.0,0.0,0.0,96,0,6000,24-Nov-2022,-0.7259528130671506,-2.8000000000000007,38.3,547,-4,-4,6.2,0.0,547.0
18,2022-11-11 09:39:58,ULTRACEMCO,6925,0.0,0.0,0.0,5,0,6100,24-Nov-2022,-1.6326530612244898,-3.5999999999999996,36.32,241,-4,-4,6.2,0.0,0.0
19,2022-11-11 09:39:58,ULTRACEMCO,6925,0.0,0.0,0.0,37,0,6200,24-Nov-2022,-0.2288329519450801,-5.05,34.08,436,-1,-1,6.2,0.0,0.0
20,2022-11-11 09:39:58,ULTRACEMCO,6925,0.0,0.0,0.0,134,0,6300,24-Nov-2022,-2.0179372197309418,-7.199999999999999,32.23,437,-9,-9,6.2,0.0,0.0
21,2022-11-11 09:39:58,ULTRACEMCO,6925,0.0,57.950000000000045,27.23,111,0,6400,24-Nov-2022,-2.3904382470119523,-10.55,30.47,490,-12,-12,6.2,0.0,0.0
22,2022-11-11 09:39:58,ULTRACEMCO,6925,0.0,0.0,0.0,188,0,6500,24-Nov-2022,2.9940119760479043,-16.15,28.96,688,20,20,6.2,0.0,688.0
23,2022-11-11 09:39:58,ULTRACEMCO,6925,0.0,0.0,0.0,220,0,6600,24-Nov-2022,4.9800796812749,-23.699999999999996,27.59,527,25,25,6.2,0.0,0.0
24,2022-11-11 09:39:58,ULTRACEMCO,6925,0.0,67.85,31.62,243,0,6700,24-Nov-2022,2.0637898686679175,-32.9,26.77,544,11,11,6.2,0.0,544.0
25,2022-11-11 09:39:58,ULTRACEMCO,6925,-3.4602076124567476,54.849999999999994,29.46,279,-10,6800,24-Nov-2022,2.375296912114014,-43.0,25.93,431,10,20,6.2,0.0,0.0
26,2022-11-11 09:39:58,ULTRACEMCO,6925,15.357766143106458,46.25,29.08,661,88,6900,24-Nov-2022,25.136612021857925,-53.099999999999994,25.6,229,46,-42,6.2,0.0,0.0
27,2022-11-11 09:39:58,ULTRACEMCO,6925,-4.607046070460704,34.05,28.44,1760,-85,7000,24-Nov-2022,-2.949852507374631,-67.05000000000001,25.36,329,-10,75,6.2,1760.0,0.0
28,2022-11-11 09:39:58,ULTRACEMCO,6925,-1.9073569482288828,22.150000000000006,28.37,720,-14,7100,24-Nov-2022,-2.272727272727273,-25.149999999999977,25.82,43,-1,13,6.2,0.0,0.0
29,2022-11-11 09:39:58,ULTRACEMCO,6925,-3.62400906002265,15.550000000000004,28.37,851,-32,7200,24-Nov-2022,0.0,0.0,0.0,6,0,32,6.2,851.0,0.0
30,2022-11-11 09:39:58,ULTRACEMCO,6925,-1.7716535433070866,8.899999999999999,28.68,499,-9,7300,24-Nov-2022,0.0,0.0,0.0,3,0,9,6.2,0.0,0.0
31,2022-11-11 09:39:58,ULTRACEMCO,6925,-5.617977528089888,5.350000000000001,28.91,504,-30,7400,24-Nov-2022,0.0,0.0,0.0,2,0,30,6.2,0.0,0.0
32,2022-11-11 09:39:58,ULTRACEMCO,6925,-1.560758082497213,2.6000000000000014,29.82,883,-14,7500,24-Nov-2022,0.0,0.0,0.0,10,0,14,6.2,883.0,0.0
33,2022-11-11 09:39:58,ULTRACEMCO,6925,1.238390092879257,1.0,31.0,327,4,7600,24-Nov-2022,0.0,0.0,0.0,0,0,-4,6.2,0.0,0.0
34,2022-11-11 09:39:58,ULTRACEMCO,6925,9.67741935483871,0.40000000000000036,32.49,204,18,7700,24-Nov-2022,0.0,0.0,0.0,0,0,-18,6.2,0.0,0.0
35,2022-11-11 09:39:58,ULTRACEMCO,6925,-6.25,0.25,34.43,180,-12,7800,24-Nov-2022,0.0,0.0,0.0,0,0,12,6.2,0.0,0.0
36,2022-11-11 09:39:58,ULTRACEMCO,6925,0.8450704225352113,-0.2999999999999998,36.21,358,3,7900,24-Nov-2022,0.0,0.0,0.0,0,0,-3,6.2,0.0,0.0
37,2022-11-11 09:39:58,ULTRACEMCO,6925,7.920792079207921,-0.4499999999999993,37.82,109,8,8000,24-Nov-2022,0.0,0.0,0.0,0,0,-8,6.2,0.0,0.0
38,2022-11-11 09:39:58,ULTRACEMCO,6925,0.0,0.0,0.0,0,0,8100,24-Nov-2022,0.0,0.0,0.0,0,0,0,6.2,0.0,0.0
14,2022-11-11 09:42:54,ULTRACEMCO,6925,0.0,0.0,0.0,0,0,5700,24-Nov-2022,0.0,0.0,0.0,48,0,0,9.16,0.0,0.0
15,2022-11-11 09:42:54,ULTRACEMCO,6925,0.0,0.0,0.0,1,0,5800,24-Nov-2022,0.0,0.0,0.0,148,0,0,9.16,0.0,0.0
16,2022-11-11 09:42:54,ULTRACEMCO,6925,0.0,0.0,0.0,0,0,5900,24-Nov-2022,-1.5151515151515151,-2.3000000000000003,40.57,65,-1,-1,9.16,0.0,0.0
17,2022-11-11 09:42:54,ULTRACEMCO,6925,0.0,0.0,0.0,96,0,6000,24-Nov-2022,-0.7259528130671506,-2.8000000000000007,38.52,547,-4,-4,9.16,0.0,547.0
18,2022-11-11 09:42:54,ULTRACEMCO,6925,0.0,0.0,0.0,5,0,6100,24-Nov-2022,-2.0408163265306123,-3.75,36.49,240,-5,-5,9.16,0.0,0.0
19,2022-11-11 09:42:54,ULTRACEMCO,6925,0.0,0.0,0.0,37,0,6200,24-Nov-2022,0.2288329519450801,-5.25,34.29,438,1,1,9.16,0.0,0.0
20,2022-11-11 09:42:54,ULTRACEMCO,6925,0.0,0.0,0.0,134,0,6300,24-Nov-2022,-2.0179372197309418,-7.1,32.46,437,-9,-9,9.16,0.0,0.0
21,2022-11-11 09:42:54,ULTRACEMCO,6925,0.0,57.950000000000045,21.17,111,0,6400,24-Nov-2022,-3.3864541832669324,-10.900000000000002,30.65,485,-17,-17,9.16,0.0,0.0
22,2022-11-11 09:42:54,ULTRACEMCO,6925,0.0,0.0,0.0,188,0,6500,24-Nov-2022,3.8922155688622753,-16.4,29.17,694,26,26,9.16,0.0,694.0
23,2022-11-11 09:42:54,ULTRACEMCO,6925,0.0,0.0,0.0,220,0,6600,24-Nov-2022,5.577689243027889,-23.549999999999997,27.81,530,28,28,9.16,0.0,0.0
24,2022-11-11 09:42:54,ULTRACEMCO,6925,0.0,67.85,30.45,243,0,6700,24-Nov-2022,5.816135084427767,-33.1,27.07,564,31,31,9.16,0.0,564.0
25,2022-11-11 09:42:54,ULTRACEMCO,6925,-2.0761245674740483,56.099999999999994,29.53,283,-6,6800,24-Nov-2022,3.0878859857482186,-42.95,26.46,434,13,19,9.16,0.0,0.0
26,2022-11-11 09:42:54,ULTRACEMCO,6925,13.787085514834207,45.25,29.01,652,79,6900,24-Nov-2022,25.683060109289617,-53.349999999999994,26.22,230,47,-32,9.16,0.0,0.0
27,2022-11-11 09:42:54,ULTRACEMCO,6925,-4.878048780487805,32.599999999999994,28.98,1755,-90,7000,24-Nov-2022,-2.949852507374631,-65.5,25.78,329,-10,80,9.16,1755.0,0.0
28,2022-11-11 09:42:54,ULTRACEMCO,6925,-4.087193460490464,23.400000000000006,28.26,704,-30,7100,24-Nov-2022,-2.272727272727273,-25.149999999999977,26.83,43,-1,29,9.16,0.0,0.0
29,2022-11-11 09:42:54,ULTRACEMCO,6925,-5.096262740656852,14.850000000000001,28.4,838,-45,7200,24-Nov-2022,0.0,0.0,0.0,6,0,45,9.16,838.0,0.0
30,2022-11-11 09:42:54,ULTRACEMCO,6925,-1.5748031496062993,9.399999999999999,28.62,500,-8,7300,24-Nov-2022,0.0,0.0,0.0,3,0,8,9.16,0.0,0.0
31,2022-11-11 09:42:54,ULTRACEMCO,6925,-7.303370786516854,5.450000000000003,29.13,495,-39,7400,24-Nov-2022,0.0,0.0,0.0,2,0,39,9.16,0.0,0.0
32,2022-11-11 09:42:54,ULTRACEMCO,6925,-1.89520624303233,2.8500000000000014,29.75,880,-17,7500,24-Nov-2022,0.0,0.0,0.0,10,0,17,9.16,880.0,0.0
33,2022-11-11 09:42:54,ULTRACEMCO,6925,1.238390092879257,1.3500000000000014,30.99,327,4,7600,24-Nov-2022,0.0,0.0,0.0,0,0,-4,9.16,0.0,0.0
34,2022-11-11 09:42:54,ULTRACEMCO,6925,9.67741935483871,0.4500000000000002,32.35,204,18,7700,24-Nov-2022,0.0,0.0,0.0,0,0,-18,9.16,0.0,0.0
35,2022-11-11 09:42:54,ULTRACEMCO,6925,-3.6458333333333335,0.35000000000000053,34.33,185,-7,7800,24-Nov-2022,0.0,0.0,0.0,0,0,7,9.16,0.0,0.0
36,2022-11-11 09:42:54,ULTRACEMCO,6925,0.8450704225352113,-0.2999999999999998,35.98,358,3,7900,24-Nov-2022,0.0,0.0,0.0,0,0,-3,9.16,0.0,0.0
37,2022-11-11 09:42:54,ULTRACEMCO,6925,7.920792079207921,-0.1999999999999993,37.8,109,8,8000,24-Nov-2022,0.0,0.0,0.0,0,0,-8,9.16,0.0,0.0
38,2022-11-11 09:42:54,ULTRACEMCO,6925,0.0,0.0,0.0,0,0,8100,24-Nov-2022,0.0,0.0,0.0,0,0,0,9.16,0.0,0.0
14,2022-11-11 09:46:13,ULTRACEMCO,6900,0.0,0.0,0.0,0,0,5700,24-Nov-2022,0.0,0.0,0.0,48,0,0,7.28,0.0,0.0
15,2022-11-11 09:46:13,ULTRACEMCO,6900,0.0,0.0,0.0,1,0,5800,24-Nov-2022,0.0,0.0,0.0,148,0,0,7.28,0.0,0.0
16,2022-11-11 09:46:13,ULTRACEMCO,6900,0.0,0.0,0.0,0,0,5900,24-Nov-2022,-1.5151515151515151,-2.3000000000000003,40.16,65,-1,-1,7.28,0.0,0.0
17,2022-11-11 09:46:13,ULTRACEMCO,6900,0.0,0.0,0.0,96,0,6000,24-Nov-2022,-0.7259528130671506,-2.8000000000000007,38.09,547,-4,-4,7.28,0.0,547.0
18,2022-11-11 09:46:13,ULTRACEMCO,6900,0.0,0.0,0.0,5,0,6100,24-Nov-2022,-3.2653061224489797,-3.6499999999999995,35.98,237,-8,-8,7.28,0.0,0.0
19,2022-11-11 09:46:13,ULTRACEMCO,6900,0.0,0.0,0.0,37,0,6200,24-Nov-2022,-0.2288329519450801,-5.05,33.67,436,-1,-1,7.28,0.0,0.0
20,2022-11-11 09:46:13,ULTRACEMCO,6900,0.0,0.0,0.0,134,0,6300,24-Nov-2022,-2.0179372197309418,-7.35,32.02,437,-9,-9,7.28,0.0,0.0
21,2022-11-11 09:46:13,ULTRACEMCO,6900,0.0,57.950000000000045,30.6,111,0,6400,24-Nov-2022,-5.179282868525896,-10.3,29.97,476,-26,-26,7.28,0.0,0.0
22,2022-11-11 09:46:13,ULTRACEMCO,6900,0.0,0.0,0.0,188,0,6500,24-Nov-2022,3.592814371257485,-15.699999999999996,28.74,692,24,24,7.28,0.0,692.0
23,2022-11-11 09:46:13,ULTRACEMCO,6900,0.0,0.0,0.0,220,0,6600,24-Nov-2022,6.772908366533865,-22.65,27.29,536,34,34,7.28,0.0,0.0
24,2022-11-11 09:46:13,ULTRACEMCO,6900,0.0,59.849999999999994,30.85,243,0,6700,24-Nov-2022,4.878048780487805,-32.0,26.67,559,26,26,7.28,0.0,559.0
25,2022-11-11 09:46:13,ULTRACEMCO,6900,-2.0761245674740483,48.0,30.01,283,-6,6800,24-Nov-2022,3.32541567695962,-40.7,26.15,435,14,20,7.28,0.0,0.0
26,2022-11-11 09:46:13,ULTRACEMCO,6900,14.485165794066317,37.75,28.98,656,83,6900,24-Nov-2022,25.136612021857925,-48.44999999999999,26.11,229,46,-37,7.28,0.0,0.0
27,2022-11-11 09:46:13,ULTRACEMCO,6900,-3.631436314363144,27.700000000000003,28.61,1778,-67,7000,24-Nov-2022,-2.949852507374631,-61.150000000000006,24.67,329,-10,57,7.28,1778.0,0.0
28,2022-11-11 09:46:13,ULTRACEMCO,6900,-3.9509536784741144,19.150000000000006,28.45,705,-29,7100,24-Nov-2022,-2.272727272727273,-25.149999999999977,24.84,43,-1,28,7.28,0.0,0.0
29,2022-11-11 09:46:13,ULTRACEMCO,6900,-4.530011325028313,11.850000000000001,28.38,843,-40,7200,24-Nov-2022,0.0,0.0,0.0,6,0,40,7.28,843.0,0.0
30,2022-11-11 09:46:13,ULTRACEMCO,6900,-1.1811023622047243,6.949999999999996,28.82,502,-6,7300,24-Nov-2022,0.0,0.0,0.0,3,0,6,7.28,0.0,0.0
31,2022-11-11 09:46:13,ULTRACEMCO,6900,-7.303370786516854,3.950000000000003,29.07,495,-39,7400,24-Nov-2022,0.0,0.0,0.0,2,0,39,7.28,0.0,0.0
32,2022-11-11 09:46:13,ULTRACEMCO,6900,-2.229654403567447,1.5500000000000007,29.93,877,-20,7500,24-Nov-2022,0.0,0.0,0.0,10,0,20,7.28,877.0,0.0
33,2022-11-11 09:46:13,ULTRACEMCO,6900,1.5479876160990713,0.45000000000000107,30.98,328,5,7600,24-Nov-2022,0.0,0.0,0.0,0,0,-5,7.28,0.0,0.0
34,2022-11-11 09:46:13,ULTRACEMCO,6900,10.21505376344086,-0.09999999999999964,32.56,205,19,7700,24-Nov-2022,0.0,0.0,0.0,0,0,-19,7.28,0.0,0.0
35,2022-11-11 09:46:13,ULTRACEMCO,6900,-4.6875,-0.04999999999999982,34.31,183,-9,7800,24-Nov-2022,0.0,0.0,0.0,0,0,9,7.28,0.0,0.0
36,2022-11-11 09:46:13,ULTRACEMCO,6900,0.8450704225352113,-0.2999999999999998,36.43,358,3,7900,24-Nov-2022,0.0,0.0,0.0,0,0,-3,7.28,0.0,0.0
37,2022-11-11 09:46:13,ULTRACEMCO,6900,7.920792079207921,-0.6499999999999995,38.23,109,8,8000,24-Nov-2022,0.0,0.0,0.0,0,0,-8,7.28,0.0,0.0
38,2022-11-11 09:46:13,ULTRACEMCO,6900,0.0,0.0,0.0,0,0,8100,24-Nov-2022,0.0,0.0,0.0,0,0,0,7.28,0.0,0.0
14,2022-11-11 09:49:37,ULTRACEMCO,6900,0.0,0.0,0.0,0,0,5700,24-Nov-2022,0.0,0.0,0.0,48,0,0,7.84,0.0,0.0
15,2022-11-11 09:49:37,ULTRACEMCO,6900,0.0,0.0,0.0,1,0,5800,24-Nov-2022,0.0,0.0,0.0,148,0,0,7.84,0.0,0.0
16,2022-11-11 09:49:37,ULTRACEMCO,6900,0.0,0.0,0.0,0,0,5900,24-Nov-2022,-1.5151515151515151,-2.3000000000000003,39.92,65,-1,-1,7.84,0.0,0.0
17,2022-11-11 09:49:37,ULTRACEMCO,6900,0.0,0.0,0.0,96,0,6000,24-Nov-2022,-0.7259528130671506,-2.8000000000000007,38.04,547,-4,-4,7.84,0.0,547.0
18,2022-11-11 09:49:37,ULTRACEMCO,6900,0.0,0.0,0.0,5,0,6100,24-Nov-2022,-2.857142857142857,-3.5,35.94,238,-7,-7,7.84,0.0,0.0
19,2022-11-11 09:49:37,ULTRACEMCO,6900,0.0,0.0,0.0,37,0,6200,24-Nov-2022,-0.2288329519450801,-4.699999999999999,33.8,436,-1,-1,7.84,0.0,0.0
20,2022-11-11 09:49:37,ULTRACEMCO,6900,0.0,0.0,0.0,134,0,6300,24-Nov-2022,-2.242152466367713,-7.35,31.79,436,-10,-10,7.84,0.0,0.0
21,2022-11-11 09:49:37,ULTRACEMCO,6900,0.0,57.950000000000045,31.25,111,0,6400,24-Nov-2022,-5.9760956175298805,-10.200000000000001,30.24,472,-30,-30,7.84,0.0,0.0
22,2022-11-11 09:49:37,ULTRACEMCO,6900,0.0,0.0,0.0,188,0,6500,24-Nov-2022,5.089820359281437,-14.599999999999998,28.75,702,34,34,7.84,0.0,702.0
23,2022-11-11 09:49:37,ULTRACEMCO,6900,0.0,0.0,0.0,220,0,6600,24-Nov-2022,6.772908366533865,-21.5,27.36,536,34,34,7.84,0.0,0.0
24,2022-11-11 09:49:37,ULTRACEMCO,6900,0.0,59.849999999999994,31.09,243,0,6700,24-Nov-2022,5.065666041275797,-29.049999999999997,26.35,560,27,27,7.84,0.0,560.0
25,2022-11-11 09:49:37,ULTRACEMCO,6900,-2.0761245674740483,52.150000000000006,29.56,283,-6,6800,24-Nov-2022,3.0878859857482186,-42.3,25.66,434,13,19,7.84,0.0,0.0
26,2022-11-11 09:49:37,ULTRACEMCO,6900,11.8673647469459,40.25,29.04,641,68,6900,24-Nov-2022,23.497267759562842,-52.349999999999994,25.96,226,43,-25,7.84,0.0,0.0
27,2022-11-11 09:49:37,ULTRACEMCO,6900,-2.710027100271003,27.5,28.76,1795,-50,7000,24-Nov-2022,-2.949852507374631,-59.70000000000002,25.26,329,-10,40,7.84,1795.0,0.0
28,2022-11-11 09:49:37,ULTRACEMCO,6900,-4.4959128065395095,21.150000000000006,28.66,701,-33,7100,24-Nov-2022,-2.272727272727273,-25.149999999999977,24.61,43,-1,32,7.84,0.0,0.0
29,2022-11-11 09:49:37,ULTRACEMCO,6900,-4.530011325028313,10.850000000000001,28.46,843,-40,7200,24-Nov-2022,0.0,0.0,0.0,6,0,40,7.84,843.0,0.0
30,2022-11-11 09:49:37,ULTRACEMCO,6900,-0.984251968503937,6.299999999999997,28.6,503,-5,7300,24-Nov-2022,0.0,0.0,0.0,3,0,5,7.84,0.0,0.0
31,2022-11-11 09:49:37,ULTRACEMCO,6900,-8.801498127340825,3.8500000000000014,29.04,487,-47,7400,24-Nov-2022,0.0,0.0,0.0,2,0,47,7.84,0.0,0.0
32,2022-11-11 09:49:37,ULTRACEMCO,6900,-2.5641025641025643,1.6000000000000014,29.73,874,-23,7500,24-Nov-2022,0.0,0.0,0.0,10,0,23,7.84,874.0,0.0
33,2022-11-11 09:49:37,ULTRACEMCO,6900,1.5479876160990713,0.20000000000000107,30.84,328,5,7600,24-Nov-2022,0.0,0.0,0.0,0,0,-5,7.84,0.0,0.0
34,2022-11-11 09:49:37,ULTRACEMCO,6900,10.21505376344086,0.15000000000000036,32.48,205,19,7700,24-Nov-2022,0.0,0.0,0.0,0,0,-19,7.84,0.0,0.0
35,2022-11-11 09:49:37,ULTRACEMCO,6900,-4.6875,-0.4500000000000002,34.41,183,-9,7800,24-Nov-2022,0.0,0.0,0.0,0,0,9,7.84,0.0,0.0
36,2022-11-11 09:49:37,ULTRACEMCO,6900,0.8450704225352113,-0.5,36.48,358,3,7900,24-Nov-2022,0.0,0.0,0.0,0,0,-3,7.84,0.0,0.0
37,2022-11-11 09:49:37,ULTRACEMCO,6900,8.910891089108912,-0.7999999999999998,37.65,110,9,8000,24-Nov-2022,0.0,0.0,0.0,0,0,-9,7.84,0.0,0.0
38,2022-11-11 09:49:37,ULTRACEMCO,6900,0.0,0.0,0.0,0,0,8100,24-Nov-2022,0.0,0.0,0.0,0,0,0,7.84,0.0,0.0
14,2022-11-11 09:52:07,ULTRACEMCO,6925,0.0,0.0,0.0,0,0,5700,24-Nov-2022,0.0,0.0,0.0,48,0,0,8.76,0.0,0.0
15,2022-11-11 09:52:07,ULTRACEMCO,6925,0.0,0.0,0.0,1,0,5800,24-Nov-2022,0.0,-1.25,0.0,148,0,0,8.76,0.0,0.0
16,2022-11-11 09:52:07,ULTRACEMCO,6925,0.0,0.0,0.0,0,0,5900,24-Nov-2022,-1.5151515151515151,-2.3000000000000003,40.26,65,-1,-1,8.76,0.0,0.0
17,2022-11-11 09:52:07,ULTRACEMCO,6925,0.0,0.0,0.0,96,0,6000,24-Nov-2022,-0.7259528130671506,-2.8000000000000007,38.19,547,-4,-4,8.76,0.0,547.0
18,2022-11-11 09:52:07,ULTRACEMCO,6925,0.0,0.0,0.0,5,0,6100,24-Nov-2022,-3.673469387755102,-3.4499999999999993,36.21,236,-9,-9,8.76,0.0,0.0
19,2022-11-11 09:52:07,ULTRACEMCO,6925,0.0,0.0,0.0,37,0,6200,24-Nov-2022,-0.4576659038901602,-4.75,34.01,435,-2,-2,8.76,0.0,0.0
20,2022-11-11 09:52:07,ULTRACEMCO,6925,0.0,0.0,0.0,134,0,6300,24-Nov-2022,-2.0179372197309418,-6.949999999999999,32.14,437,-9,-9,8.76,0.0,0.0
21,2022-11-11 09:52:07,ULTRACEMCO,6925,0.0,57.950000000000045,29.05,111,0,6400,24-Nov-2022,-6.175298804780876,-10.150000000000002,30.39,471,-31,-31,8.76,0.0,0.0
22,2022-11-11 09:52:07,ULTRACEMCO,6925,0.0,0.0,0.0,188,0,6500,24-Nov-2022,6.137724550898204,-15.399999999999999,28.94,709,41,41,8.76,0.0,709.0
23,2022-11-11 09:52:07,ULTRACEMCO,6925,0.0,0.0,0.0,220,0,6600,24-Nov-2022,4.382470119521912,-22.799999999999997,27.56,524,22,22,8.76,0.0,0.0
24,2022-11-11 09:52:07,ULTRACEMCO,6925,0.0,59.849999999999994,30.32,243,0,6700,24-Nov-2022,5.440900562851782,-30.75,26.49,562,29,29,8.76,0.0,562.0
25,2022-11-11 09:52:07,ULTRACEMCO,6925,-2.0761245674740483,52.150000000000006,29.8,283,-6,6800,24-Nov-2022,4.038004750593824,-40.3,25.8,438,17,23,8.76,0.0,0.0
26,2022-11-11 09:52:07,ULTRACEMCO,6925,6.980802792321117,41.25,29.76,613,40,6900,24-Nov-2022,20.218579234972676,-46.64999999999999,25.73,220,37,-3,8.76,0.0,0.0
27,2022-11-11 09:52:07,ULTRACEMCO,6925,-2.4390243902439024,30.049999999999997,29.13,1800,-45,7000,24-Nov-2022,-3.5398230088495577,-65.80000000000001,24.88,327,-12,33,8.76,1800.0,0.0
28,2022-11-11 09:52:07,ULTRACEMCO,6925,-5.858310626702997,20.700000000000003,28.88,691,-43,7100,24-Nov-2022,-2.272727272727273,-25.149999999999977,25.33,43,-1,42,8.76,0.0,0.0
29,2022-11-11 09:52:07,ULTRACEMCO,6925,-4.530011325028313,13.300000000000004,28.62,843,-40,7200,24-Nov-2022,0.0,0.0,0.0,6,0,40,8.76,843.0,0.0
30,2022-11-11 09:52:07,ULTRACEMCO,6925,-1.3779527559055118,8.549999999999997,28.85,501,-7,7300,24-Nov-2022,0.0,0.0,0.0,3,0,7,8.76,0.0,0.0
31,2022-11-11 09:52:07,ULTRACEMCO,6925,-8.239700374531836,4.5,29.22,490,-44,7400,24-Nov-2022,0.0,0.0,0.0,2,0,44,8.76,0.0,0.0
32,2022-11-11 09:52:07,ULTRACEMCO,6925,-2.6755852842809364,2.3000000000000007,29.82,873,-24,7500,24-Nov-2022,0.0,0.0,0.0,10,0,24,8.76,873.0,0.0
33,2022-11-11 09:52:07,ULTRACEMCO,6925,2.1671826625387,1.0,31.03,330,7,7600,24-Nov-2022,0.0,0.0,0.0,0,0,-7,8.76,0.0,0.0
34,2022-11-11 09:52:07,ULTRACEMCO,6925,8.602150537634408,0.15000000000000036,32.52,202,16,7700,24-Nov-2022,0.0,0.0,0.0,0,0,-16,8.76,0.0,0.0
35,2022-11-11 09:52:07,ULTRACEMCO,6925,-4.166666666666667,0.10000000000000053,34.4,184,-8,7800,24-Nov-2022,0.0,0.0,0.0,0,0,8,8.76,0.0,0.0
36,2022-11-11 09:52:07,ULTRACEMCO,6925,0.8450704225352113,-0.34999999999999964,36.27,358,3,7900,24-Nov-2022,0.0,0.0,0.0,0,0,-3,8.76,0.0,0.0
37,2022-11-11 09:52:07,ULTRACEMCO,6925,8.910891089108912,-0.7999999999999998,37.28,110,9,8000,24-Nov-2022,0.0,0.0,0.0,0,0,-9,8.76,0.0,0.0
38,2022-11-11 09:52:07,ULTRACEMCO,6925,0.0,0.0,0.0,0,0,8100,24-Nov-2022,0.0,0.0,0.0,0,0,0,8.76,0.0,0.0
14,2022-11-11 09:55:13,ULTRACEMCO,6900,0.0,0.0,0.0,0,0,5700,24-Nov-2022,0.0,0.0,0.0,48,0,0,7.2,0.0,0.0
15,2022-11-11 09:55:13,ULTRACEMCO,6900,0.0,0.0,0.0,1,0,5800,24-Nov-2022,0.0,-1.3000000000000003,42.95,148,0,0,7.2,0.0,0.0
16,2022-11-11 09:55:13,ULTRACEMCO,6900,0.0,0.0,0.0,0,0,5900,24-Nov-2022,-1.5151515151515151,-2.3000000000000003,40.33,65,-1,-1,7.2,0.0,0.0
17,2022-11-11 09:55:13,ULTRACEMCO,6900,0.0,0.0,0.0,96,0,6000,24-Nov-2022,-0.7259528130671506,-2.8000000000000007,38.26,547,-4,-4,7.2,0.0,547.0
18,2022-11-11 09:55:13,ULTRACEMCO,6900,0.0,0.0,0.0,5,0,6100,24-Nov-2022,-3.673469387755102,-3.4499999999999993,36.4,236,-9,-9,7.2,0.0,0.0
19,2022-11-11 09:55:13,ULTRACEMCO,6900,0.0,0.0,0.0,37,0,6200,24-Nov-2022,-0.4576659038901602,-4.6,34.31,435,-2,-2,7.2,0.0,0.0
20,2022-11-11 09:55:13,ULTRACEMCO,6900,0.0,0.0,0.0,134,0,6300,24-Nov-2022,-2.0179372197309418,-6.85,32.33,437,-9,-9,7.2,0.0,0.0
21,2022-11-11 09:55:13,ULTRACEMCO,6900,0.0,57.950000000000045,27.82,111,0,6400,24-Nov-2022,-6.175298804780876,-10.150000000000002,30.61,471,-31,-31,7.2,0.0,0.0
22,2022-11-11 09:55:13,ULTRACEMCO,6900,0.0,0.0,0.0,188,0,6500,24-Nov-2022,6.137724550898204,-15.249999999999996,29.18,709,41,41,7.2,0.0,709.0
23,2022-11-11 09:55:13,ULTRACEMCO,6900,0.0,0.0,0.0,220,0,6600,24-Nov-2022,4.382470119521912,-22.799999999999997,27.68,524,22,22,7.2,0.0,0.0
24,2022-11-11 09:55:13,ULTRACEMCO,6900,-0.411522633744856,65.79999999999998,29.94,242,-1,6700,24-Nov-2022,5.440900562851782,-30.75,27.07,562,29,30,7.2,0.0,562.0
25,2022-11-11 09:55:13,ULTRACEMCO,6900,-2.0761245674740483,51.849999999999994,29.51,283,-6,6800,24-Nov-2022,4.038004750593824,-41.0,26.45,438,17,23,7.2,0.0,0.0
26,2022-11-11 09:55:13,ULTRACEMCO,6900,9.598603839441536,43.25,29.01,628,55,6900,24-Nov-2022,20.218579234972676,-52.349999999999994,26.93,220,37,-18,7.2,0.0,0.0
27,2022-11-11 09:55:13,ULTRACEMCO,6900,-1.6260162601626016,32.05,28.64,1815,-30,7000,24-Nov-2022,-3.5398230088495577,-61.900000000000006,25.14,327,-12,18,7.2,1815.0,0.0
28,2022-11-11 09:55:13,ULTRACEMCO,6900,-5.449591280653951,21.25,28.51,694,-40,7100,24-Nov-2022,-2.272727272727273,-25.149999999999977,25.67,43,-1,39,7.2,0.0,0.0
29,2022-11-11 09:55:13,ULTRACEMCO,6900,-4.530011325028313,13.450000000000003,28.41,843,-40,7200,24-Nov-2022,0.0,0.0,0.0,6,0,40,7.2,843.0,0.0
30,2022-11-11 09:55:13,ULTRACEMCO,6900,-1.3779527559055118,8.0,28.73,501,-7,7300,24-Nov-2022,0.0,0.0,0.0,3,0,7,7.2,0.0,0.0
31,2022-11-11 09:55:13,ULTRACEMCO,6900,-8.239700374531836,4.700000000000003,28.94,490,-44,7400,24-Nov-2022,0.0,0.0,0.0,2,0,44,7.2,0.0,0.0
32,2022-11-11 09:55:13,ULTRACEMCO,6900,-2.229654403567447,3.0500000000000007,29.83,877,-20,7500,24-Nov-2022,0.0,0.0,0.0,10,0,20,7.2,877.0,0.0
33,2022-11-11 09:55:13,ULTRACEMCO,6900,2.7863777089783284,1.5500000000000007,30.94,332,9,7600,24-Nov-2022,0.0,0.0,0.0,0,0,-9,7.2,0.0,0.0
34,2022-11-11 09:55:13,ULTRACEMCO,6900,8.602150537634408,0.15000000000000036,32.44,202,16,7700,24-Nov-2022,0.0,0.0,0.0,0,0,-16,7.2,0.0,0.0
35,2022-11-11 09:55:13,ULTRACEMCO,6900,-3.6458333333333335,-0.04999999999999982,34.32,185,-7,7800,24-Nov-2022,0.0,0.0,0.0,0,0,7,7.2,0.0,0.0
36,2022-11-11 09:55:13,ULTRACEMCO,6900,0.8450704225352113,-0.34999999999999964,36.19,358,3,7900,24-Nov-2022,0.0,0.0,0.0,0,0,-3,7.2,0.0,0.0
37,2022-11-11 09:55:13,ULTRACEMCO,6900,8.910891089108912,-0.7999999999999998,37.21,110,9,8000,24-Nov-2022,0.0,0.0,0.0,0,0,-9,7.2,0.0,0.0
38,2022-11-11 09:55:13,ULTRACEMCO,6900,0.0,0.0,0.0,0,0,8100,24-Nov-2022,0.0,0.0,0.0,0,0,0,7.2,0.0,0.0
14,2022-11-11 09:57:59,ULTRACEMCO,6900,0.0,0.0,0.0,0,0,5700,24-Nov-2022,0.0,0.0,0.0,48,0,0,6.72,0.0,0.0
15,2022-11-11 09:57:59,ULTRACEMCO,6900,0.0,0.0,0.0,1,0,5800,24-Nov-2022,-2.027027027027027,-1.3000000000000003,43.04,145,-3,-3,6.72,0.0,0.0
16,2022-11-11 09:57:59,ULTRACEMCO,6900,0.0,0.0,0.0,0,0,5900,24-Nov-2022,-1.5151515151515151,-2.3000000000000003,40.42,65,-1,-1,6.72,0.0,0.0
17,2022-11-11 09:57:59,ULTRACEMCO,6925,0.0,0.0,0.0,96,0,6000,24-Nov-2022,-0.7259528130671506,-2.8000000000000007,38.36,547,-4,-4,6.72,0.0,547.0
18,2022-11-11 09:57:59,ULTRACEMCO,6925,0.0,0.0,0.0,5,0,6100,24-Nov-2022,-3.673469387755102,-3.3,36.5,236,-9,-9,6.72,0.0,0.0
19,2022-11-11 09:57:59,ULTRACEMCO,6925,0.0,0.0,0.0,37,0,6200,24-Nov-2022,-2.9748283752860414,-4.35,34.42,424,-13,-13,6.72,0.0,0.0
20,2022-11-11 09:57:59,ULTRACEMCO,6900,0.0,0.0,0.0,134,0,6300,24-Nov-2022,-2.0179372197309418,-6.399999999999999,32.51,437,-9,-9,6.72,0.0,0.0
21,2022-11-11 09:57:59,ULTRACEMCO,6925,0.0,57.950000000000045,25.92,111,0,6400,24-Nov-2022,-7.768924302788845,-9.55,30.73,463,-39,-39,6.72,0.0,0.0
22,2022-11-11 09:57:59,ULTRACEMCO,6900,0.0,0.0,0.0,188,0,6500,24-Nov-2022,5.538922155688622,-14.699999999999996,29.35,705,37,37,6.72,0.0,705.0
23,2022-11-11 09:57:59,ULTRACEMCO,6925,0.0,0.0,0.0,220,0,6600,24-Nov-2022,4.382470119521912,-21.1,27.83,524,22,22,6.72,0.0,0.0
24,2022-11-11 09:57:59,ULTRACEMCO,6900,-0.411522633744856,65.79999999999998,30.83,242,-1,6700,24-Nov-2022,5.440900562851782,-30.049999999999997,27.25,562,29,30,6.72,0.0,562.0
25,2022-11-11 09:57:59,ULTRACEMCO,6900,-3.114186851211073,50.80000000000001,28.85,280,-9,6800,24-Nov-2022,5.225653206650831,-39.599999999999994,26.51,443,22,31,6.72,0.0,0.0
26,2022-11-11 09:57:59,ULTRACEMCO,6925,9.598603839441536,39.400000000000006,28.99,628,55,6900,24-Nov-2022,23.497267759562842,-49.599999999999994,26.29,226,43,-12,6.72,0.0,0.0
27,2022-11-11 09:57:59,ULTRACEMCO,6900,-1.6802168021680217,27.75,28.2,1814,-31,7000,24-Nov-2022,-3.5398230088495577,-61.70000000000002,26.24,327,-12,19,6.72,1814.0,0.0
28,2022-11-11 09:57:59,ULTRACEMCO,6925,-5.449591280653951,19.0,28.45,694,-40,7100,24-Nov-2022,-2.272727272727273,-25.149999999999977,26.11,43,-1,39,6.72,0.0,0.0
29,2022-11-11 09:57:59,ULTRACEMCO,6925,-4.530011325028313,11.850000000000001,28.38,843,-40,7200,24-Nov-2022,0.0,0.0,0.0,6,0,40,6.72,843.0,0.0
30,2022-11-11 09:57:59,ULTRACEMCO,6925,-1.1811023622047243,7.399999999999999,28.41,502,-6,7300,24-Nov-2022,0.0,0.0,0.0,3,0,6,6.72,0.0,0.0
31,2022-11-11 09:57:59,ULTRACEMCO,6925,-8.426966292134832,4.450000000000003,28.88,489,-45,7400,24-Nov-2022,0.0,0.0,0.0,2,0,45,6.72,0.0,0.0
32,2022-11-11 09:57:59,ULTRACEMCO,6900,-2.229654403567447,2.8000000000000007,29.96,877,-20,7500,24-Nov-2022,0.0,0.0,0.0,10,0,20,6.72,877.0,0.0
33,2022-11-11 09:57:59,ULTRACEMCO,6925,2.7863777089783284,0.9500000000000011,30.92,332,9,7600,24-Nov-2022,0.0,0.0,0.0,0,0,-9,6.72,0.0,0.0
34,2022-11-11 09:57:59,ULTRACEMCO,6900,9.67741935483871,0.3000000000000007,32.38,204,18,7700,24-Nov-2022,0.0,0.0,0.0,0,0,-18,6.72,0.0,0.0
35,2022-11-11 09:57:59,ULTRACEMCO,6925,-3.6458333333333335,-0.04999999999999982,34.07,185,-7,7800,24-Nov-2022,0.0,0.0,0.0,0,0,7,6.72,0.0,0.0
36,2022-11-11 09:57:59,ULTRACEMCO,6900,0.5633802816901409,-0.2999999999999998,36.15,357,2,7900,24-Nov-2022,0.0,0.0,0.0,0,0,-2,6.72,0.0,0.0
37,2022-11-11 09:57:59,ULTRACEMCO,6925,8.910891089108912,-0.7999999999999998,37.11,110,9,8000,24-Nov-2022,0.0,0.0,0.0,0,0,-9,6.72,0.0,0.0
38,2022-11-11 09:57:59,ULTRACEMCO,6900,0.0,0.0,0.0,0,0,8100,24-Nov-2022,0.0,0.0,0.0,0,0,0,6.72,0.0,0.0
14,2022-11-11 10:04:25,ULTRACEMCO,6925,0.0,0.0,0.0,0,0,5700,24-Nov-2022,0.0,0.0,0.0,48,0,0,6.24,0.0,0.0
15,2022-11-11 10:04:25,ULTRACEMCO,6925,0.0,0.0,0.0,1,0,5800,24-Nov-2022,-2.027027027027027,-1.3000000000000003,42.86,145,-3,-3,6.24,0.0,0.0
16,2022-11-11 10:04:25,ULTRACEMCO,6925,0.0,0.0,0.0,0,0,5900,24-Nov-2022,-1.5151515151515151,-2.3000000000000003,40.36,65,-1,-1,6.24,0.0,0.0
17,2022-11-11 10:04:25,ULTRACEMCO,6925,0.0,0.0,0.0,96,0,6000,24-Nov-2022,-0.7259528130671506,-2.8000000000000007,38.29,547,-4,-4,6.24,0.0,547.0
18,2022-11-11 10:04:25,ULTRACEMCO,6925,0.0,0.0,0.0,5,0,6100,24-Nov-2022,-4.081632653061225,-3.0,36.59,235,-10,-10,6.24,0.0,0.0
19,2022-11-11 10:04:25,ULTRACEMCO,6925,0.0,0.0,0.0,37,0,6200,24-Nov-2022,-4.576659038901602,-4.299999999999999,34.69,417,-20,-20,6.24,0.0,0.0
20,2022-11-11 10:04:25,ULTRACEMCO,6925,0.0,0.0,0.0,134,0,6300,24-Nov-2022,-3.3632286995515694,-6.5,32.73,431,-15,-15,6.24,0.0,0.0
21,2022-11-11 10:04:25,ULTRACEMCO,6925,0.0,57.950000000000045,27.32,111,0,6400,24-Nov-2022,-7.370517928286852,-9.650000000000002,30.92,465,-37,-37,6.24,0.0,0.0
22,2022-11-11 10:04:25,ULTRACEMCO,6925,0.0,0.0,0.0,188,0,6500,24-Nov-2022,5.538922155688622,-14.899999999999999,29.49,705,37,37,6.24,0.0,705.0
23,2022-11-11 10:04:25,ULTRACEMCO,6925,0.0,0.0,0.0,220,0,6600,24-Nov-2022,4.183266932270916,-21.799999999999997,28.23,523,21,21,6.24,0.0,0.0
24,2022-11-11 10:04:25,ULTRACEMCO,6925,-0.411522633744856,71.49999999999997,31.17,242,-1,6700,24-Nov-2022,5.816135084427767,-31.15,27.29,564,31,32,6.24,0.0,564.0
25,2022-11-11 10:04:25,ULTRACEMCO,6925,-2.0761245674740483,58.150000000000006,29.1,283,-6,6800,24-Nov-2022,4.98812351543943,-42.05,26.47,442,21,27,6.24,0.0,0.0
26,2022-11-11 10:04:25,ULTRACEMCO,6925,10.645724258289704,47.400000000000006,28.87,634,61,6900,24-Nov-2022,22.950819672131146,-51.69999999999999,26.28,225,42,-19,6.24,0.0,0.0
27,2022-11-11 10:04:25,ULTRACEMCO,6925,-2.3848238482384825,34.349999999999994,28.47,1801,-44,7000,24-Nov-2022,-3.5398230088495577,-66.10000000000002,26.04,327,-12,32,6.24,1801.0,0.0
28,2022-11-11 10:04:25,ULTRACEMCO,6925,-6.67574931880109,24.200000000000003,28.32,685,-49,7100,24-Nov-2022,-2.272727272727273,-25.149999999999977,25.79,43,-1,48,6.24,0.0,0.0
29,2022-11-11 10:04:25,ULTRACEMCO,6925,-3.9637599093997733,15.850000000000001,28.23,848,-35,7200,24-Nov-2022,0.0,0.0,0.0,6,0,35,6.24,848.0,0.0
30,2022-11-11 10:04:25,ULTRACEMCO,6925,-2.3622047244094486,10.199999999999996,28.59,496,-12,7300,24-Nov-2022,0.0,0.0,0.0,3,0,12,6.24,0.0,0.0
31,2022-11-11 10:04:25,ULTRACEMCO,6925,-6.741573033707865,5.900000000000002,28.88,498,-36,7400,24-Nov-2022,0.0,0.0,0.0,2,0,36,6.24,0.0,0.0
32,2022-11-11 10:04:25,ULTRACEMCO,6925,-2.0066889632107023,3.5500000000000007,29.92,879,-18,7500,24-Nov-2022,0.0,0.0,0.0,10,0,18,6.24,879.0,0.0
33,2022-11-11 10:04:25,ULTRACEMCO,6925,4.3343653250774,2.200000000000001,31.07,337,14,7600,24-Nov-2022,0.0,0.0,0.0,0,0,-14,6.24,0.0,0.0
34,2022-11-11 10:04:25,ULTRACEMCO,6925,8.602150537634408,1.0999999999999996,32.49,202,16,7700,24-Nov-2022,0.0,0.0,0.0,0,0,-16,6.24,0.0,0.0
35,2022-11-11 10:04:25,ULTRACEMCO,6925,-3.6458333333333335,0.6500000000000004,34.14,185,-7,7800,24-Nov-2022,0.0,0.0,0.0,0,0,7,6.24,0.0,0.0
36,2022-11-11 10:04:25,ULTRACEMCO,6925,0.5633802816901409,0.04999999999999982,36.33,357,2,7900,24-Nov-2022,0.0,0.0,0.0,0,0,-2,6.24,0.0,0.0
37,2022-11-11 10:04:25,ULTRACEMCO,6925,7.920792079207921,0.05000000000000071,37.18,109,8,8000,24-Nov-2022,0.0,0.0,0.0,0,0,-8,6.24,0.0,0.0
38,2022-11-11 10:04:25,ULTRACEMCO,6925,0.0,0.0,0.0,0,0,8100,24-Nov-2022,0.0,0.0,0.0,0,0,0,6.24,0.0,0.0
14,2022-11-11 10:07:11,ULTRACEMCO,6925,0.0,0.0,0.0,0,0,5700,24-Nov-2022,0.0,0.0,0.0,48,0,0,6.48,0.0,0.0
15,2022-11-11 10:07:11,ULTRACEMCO,6925,0.0,0.0,0.0,1,0,5800,24-Nov-2022,-2.027027027027027,-1.3000000000000003,42.86,145,-3,-3,6.48,0.0,0.0
16,2022-11-11 10:07:11,ULTRACEMCO,6925,0.0,0.0,0.0,0,0,5900,24-Nov-2022,-1.5151515151515151,-2.3000000000000003,40.36,65,-1,-1,6.48,0.0,0.0
17,2022-11-11 10:07:11,ULTRACEMCO,6925,0.0,97.70000000000005,0.0,96,0,6000,24-Nov-2022,-0.7259528130671506,-2.3000000000000007,38.29,547,-4,-4,6.48,0.0,547.0
18,2022-11-11 10:07:11,ULTRACEMCO,6925,0.0,0.0,0.0,5,0,6100,24-Nov-2022,-4.081632653061225,-3.1499999999999995,36.59,235,-10,-10,6.48,0.0,0.0
19,2022-11-11 10:07:11,ULTRACEMCO,6925,0.0,0.0,0.0,37,0,6200,24-Nov-2022,-4.576659038901602,-4.5,34.69,417,-20,-20,6.48,0.0,0.0
20,2022-11-11 10:07:11,ULTRACEMCO,6925,0.0,0.0,0.0,134,0,6300,24-Nov-2022,-3.3632286995515694,-6.6,32.73,431,-15,-15,6.48,0.0,0.0
21,2022-11-11 10:07:11,ULTRACEMCO,6925,0.0,57.950000000000045,27.32,111,0,6400,24-Nov-2022,-7.370517928286852,-10.700000000000001,30.92,465,-37,-37,6.48,0.0,0.0
22,2022-11-11 10:07:11,ULTRACEMCO,6925,0.0,0.0,0.0,188,0,6500,24-Nov-2022,5.538922155688622,-16.049999999999997,29.49,705,37,37,6.48,0.0,705.0
23,2022-11-11 10:07:11,ULTRACEMCO,6925,0.0,0.0,0.0,220,0,6600,24-Nov-2022,4.183266932270916,-22.9,28.23,523,21,21,6.48,0.0,0.0
24,2022-11-11 10:07:11,ULTRACEMCO,6925,-0.823045267489712,71.49999999999997,31.17,241,-2,6700,24-Nov-2022,5.816135084427767,-31.75,27.29,564,31,33,6.48,0.0,564.0
25,2022-11-11 10:07:11,ULTRACEMCO,6925,-2.7681660899653977,56.0,29.1,281,-8,6800,24-Nov-2022,5.225653206650831,-43.599999999999994,26.47,443,22,30,6.48,0.0,0.0
26,2022-11-11 10:07:11,ULTRACEMCO,6925,10.645724258289704,45.25,28.87,634,61,6900,24-Nov-2022,22.950819672131146,-52.69999999999999,26.28,225,42,-19,6.48,0.0,0.0
27,2022-11-11 10:07:11,ULTRACEMCO,6925,-2.3848238482384825,31.049999999999997,28.47,1801,-44,7000,24-Nov-2022,-3.5398230088495577,-69.10000000000002,26.04,327,-12,32,6.48,1801.0,0.0
28,2022-11-11 10:07:11,ULTRACEMCO,6925,-6.67574931880109,21.10000000000001,28.32,685,-49,7100,24-Nov-2022,-2.272727272727273,-25.149999999999977,25.79,43,-1,48,6.48,0.0,0.0
29,2022-11-11 10:07:11,ULTRACEMCO,6925,-3.9637599093997733,13.25,28.23,848,-35,7200,24-Nov-2022,0.0,0.0,0.0,6,0,35,6.48,848.0,0.0
30,2022-11-11 10:07:11,ULTRACEMCO,6925,-2.3622047244094486,8.399999999999999,28.59,496,-12,7300,24-Nov-2022,0.0,0.0,0.0,3,0,12,6.48,0.0,0.0
31,2022-11-11 10:07:11,ULTRACEMCO,6925,-6.741573033707865,5.800000000000001,28.88,498,-36,7400,24-Nov-2022,0.0,0.0,0.0,2,0,36,6.48,0.0,0.0
32,2022-11-11 10:07:11,ULTRACEMCO,6925,-2.0066889632107023,2.9000000000000004,29.92,879,-18,7500,24-Nov-2022,0.0,0.0,0.0,10,0,18,6.48,879.0,0.0
33,2022-11-11 10:07:11,ULTRACEMCO,6925,4.024767801857585,1.3500000000000014,31.07,336,13,7600,24-Nov-2022,0.0,0.0,0.0,0,0,-13,6.48,0.0,0.0
34,2022-11-11 10:07:11,ULTRACEMCO,6925,8.602150537634408,0.6000000000000005,32.49,202,16,7700,24-Nov-2022,0.0,0.0,0.0,0,0,-16,6.48,0.0,0.0
35,2022-11-11 10:07:11,ULTRACEMCO,6925,-4.166666666666667,0.9000000000000004,34.14,184,-8,7800,24-Nov-2022,0.0,0.0,0.0,0,0,8,6.48,0.0,0.0
36,2022-11-11 10:07:11,ULTRACEMCO,6925,0.5633802816901409,0.04999999999999982,36.33,357,2,7900,24-Nov-2022,0.0,0.0,0.0,0,0,-2,6.48,0.0,0.0
37,2022-11-11 10:07:11,ULTRACEMCO,6925,7.920792079207921,0.0,37.18,109,8,8000,24-Nov-2022,0.0,0.0,0.0,0,0,-8,6.48,0.0,0.0
38,2022-11-11 10:07:11,ULTRACEMCO,6925,0.0,0.0,0.0,0,0,8100,24-Nov-2022,0.0,0.0,0.0,0,0,0,6.48,0.0,0.0
14,2022-11-11 10:10:01,ULTRACEMCO,6925,0.0,0.0,0.0,0,0,5700,24-Nov-2022,0.0,0.0,0.0,48,0,0,6.6,0.0,0.0
15,2022-11-11 10:10:01,ULTRACEMCO,6925,0.0,0.0,0.0,1,0,5800,24-Nov-2022,-2.027027027027027,-1.3000000000000003,42.86,145,-3,-3,6.6,0.0,0.0
16,2022-11-11 10:10:01,ULTRACEMCO,6925,0.0,0.0,0.0,0,0,5900,24-Nov-2022,-1.5151515151515151,-2.3000000000000003,40.36,65,-1,-1,6.6,0.0,0.0
17,2022-11-11 10:10:01,ULTRACEMCO,6925,0.0,97.70000000000005,0.0,96,0,6000,24-Nov-2022,-0.7259528130671506,-2.3000000000000007,38.29,547,-4,-4,6.6,0.0,547.0
18,2022-11-11 10:10:01,ULTRACEMCO,6925,0.0,0.0,0.0,5,0,6100,24-Nov-2022,-4.8979591836734695,-3.1499999999999995,36.59,233,-12,-12,6.6,0.0,0.0
19,2022-11-11 10:10:01,ULTRACEMCO,6925,0.0,0.0,0.0,37,0,6200,24-Nov-2022,-5.2631578947368425,-4.6,34.69,414,-23,-23,6.6,0.0,0.0
20,2022-11-11 10:10:01,ULTRACEMCO,6925,0.0,0.0,0.0,134,0,6300,24-Nov-2022,-5.829596412556054,-6.75,32.73,420,-26,-26,6.6,0.0,0.0
21,2022-11-11 10:10:01,ULTRACEMCO,6925,0.0,57.950000000000045,27.32,111,0,6400,24-Nov-2022,-8.167330677290837,-9.950000000000001,30.92,461,-41,-41,6.6,0.0,0.0
22,2022-11-11 10:10:01,ULTRACEMCO,6925,0.0,0.0,0.0,188,0,6500,24-Nov-2022,4.790419161676646,-15.599999999999998,29.49,700,32,32,6.6,0.0,700.0
23,2022-11-11 10:10:01,ULTRACEMCO,6925,0.0,0.0,0.0,220,0,6600,24-Nov-2022,3.9840637450199203,-22.4,28.23,522,20,20,6.6,0.0,0.0
24,2022-11-11 10:10:01,ULTRACEMCO,6925,-0.823045267489712,71.49999999999997,31.17,241,-2,6700,24-Nov-2022,6.378986866791744,-32.0,27.29,567,34,36,6.6,0.0,567.0
25,2022-11-11 10:10:01,ULTRACEMCO,6925,-2.7681660899653977,52.05000000000001,29.1,281,-8,6800,24-Nov-2022,6.4133016627078385,-42.099999999999994,26.47,448,27,35,6.6,0.0,0.0
26,2022-11-11 10:10:01,ULTRACEMCO,6925,13.612565445026178,42.599999999999994,28.87,651,78,6900,24-Nov-2022,27.3224043715847,-53.5,26.28,233,50,-28,6.6,0.0,0.0
27,2022-11-11 10:10:01,ULTRACEMCO,6925,-3.7398373983739837,29.89999999999999,28.47,1776,-69,7000,24-Nov-2022,-3.8348082595870205,-66.35000000000002,26.04,326,-13,56,6.6,1776.0,0.0
28,2022-11-11 10:10:01,ULTRACEMCO,6925,-7.220708446866485,19.75,28.32,681,-53,7100,24-Nov-2022,-2.272727272727273,-25.149999999999977,25.79,43,-1,52,6.6,0.0,0.0
29,2022-11-11 10:10:01,ULTRACEMCO,6925,-3.737259343148358,11.800000000000004,28.23,850,-33,7200,24-Nov-2022,0.0,0.0,0.0,6,0,33,6.6,850.0,0.0
30,2022-11-11 10:10:01,ULTRACEMCO,6925,-2.952755905511811,7.100000000000001,28.59,493,-15,7300,24-Nov-2022,0.0,0.0,0.0,3,0,15,6.6,0.0,0.0
31,2022-11-11 10:10:01,ULTRACEMCO,6925,-6.5543071161048685,4.400000000000002,28.88,499,-35,7400,24-Nov-2022,0.0,0.0,0.0,2,0,35,6.6,0.0,0.0
32,2022-11-11 10:10:01,ULTRACEMCO,6925,-2.3411371237458196,2.200000000000001,29.92,876,-21,7500,24-Nov-2022,0.0,0.0,0.0,10,0,21,6.6,876.0,0.0
33,2022-11-11 10:10:01,ULTRACEMCO,6925,3.4055727554179565,1.1000000000000014,31.07,334,11,7600,24-Nov-2022,0.0,0.0,0.0,0,0,-11,6.6,0.0,0.0
34,2022-11-11 10:10:01,ULTRACEMCO,6925,9.13978494623656,0.40000000000000036,32.49,203,17,7700,24-Nov-2022,0.0,0.0,0.0,0,0,-17,6.6,0.0,0.0
35,2022-11-11 10:10:01,ULTRACEMCO,6925,-2.0833333333333335,0.2999999999999998,34.14,188,-4,7800,24-Nov-2022,0.0,0.0,0.0,0,0,4,6.6,0.0,0.0
36,2022-11-11 10:10:01,ULTRACEMCO,6925,0.28169014084507044,-0.15000000000000036,36.33,356,1,7900,24-Nov-2022,0.0,0.0,0.0,0,0,-1,6.6,0.0,0.0
37,2022-11-11 10:10:01,ULTRACEMCO,6925,6.930693069306931,0.0,37.18,108,7,8000,24-Nov-2022,0.0,0.0,0.0,0,0,-7,6.6,0.0,0.0
38,2022-11-11 10:10:01,ULTRACEMCO,6925,0.0,0.0,0.0,0,0,8100,24-Nov-2022,0.0,0.0,0.0,0,0,0,6.6,0.0,0.0
14,2022-11-11 10:14:47,ULTRACEMCO,6925,0.0,0.0,0.0,0,0,5700,24-Nov-2022,0.0,0.0,0.0,48,0,0,6.96,0.0,0.0
15,2022-11-11 10:14:47,ULTRACEMCO,6925,0.0,0.0,0.0,1,0,5800,24-Nov-2022,-2.027027027027027,-1.3000000000000003,42.99,145,-3,-3,6.96,0.0,0.0
16,2022-11-11 10:14:47,ULTRACEMCO,6925,0.0,0.0,0.0,0,0,5900,24-Nov-2022,-1.5151515151515151,-2.3000000000000003,40.48,65,-1,-1,6.96,0.0,0.0
17,2022-11-11 10:14:47,ULTRACEMCO,6925,0.0,97.70000000000005,55.76,96,0,6000,24-Nov-2022,-0.7259528130671506,-2.3000000000000007,39.14,547,-4,-4,6.96,0.0,547.0
18,2022-11-11 10:14:47,ULTRACEMCO,6925,0.0,0.0,0.0,5,0,6100,24-Nov-2022,-4.8979591836734695,-3.1499999999999995,36.9,233,-12,-12,6.96,0.0,0.0
19,2022-11-11 10:14:47,ULTRACEMCO,6925,0.0,0.0,0.0,37,0,6200,24-Nov-2022,-5.491990846681922,-4.75,34.75,413,-24,-24,6.96,0.0,0.0
20,2022-11-11 10:14:47,ULTRACEMCO,6925,0.0,0.0,0.0,134,0,6300,24-Nov-2022,-6.278026905829597,-6.75,32.75,418,-28,-28,6.96,0.0,0.0
21,2022-11-11 10:14:47,ULTRACEMCO,6925,0.0,57.950000000000045,24.37,111,0,6400,24-Nov-2022,-8.167330677290837,-10.400000000000002,30.92,461,-41,-41,6.96,0.0,0.0
22,2022-11-11 10:14:47,ULTRACEMCO,6925,0.0,0.0,0.0,188,0,6500,24-Nov-2022,4.640718562874252,-16.199999999999996,29.51,699,31,31,6.96,0.0,699.0
23,2022-11-11 10:14:47,ULTRACEMCO,6925,0.0,0.0,0.0,220,0,6600,24-Nov-2022,3.9840637450199203,-22.9,28.06,522,20,20,6.96,0.0,0.0
24,2022-11-11 10:14:47,ULTRACEMCO,6925,-0.823045267489712,71.49999999999997,31.79,241,-2,6700,24-Nov-2022,6.378986866791744,-32.75,27.2,567,34,36,6.96,0.0,567.0
25,2022-11-11 10:14:47,ULTRACEMCO,6925,-2.7681660899653977,55.25,28.94,281,-8,6800,24-Nov-2022,6.4133016627078385,-43.2,26.71,448,27,35,6.96,0.0,0.0
26,2022-11-11 10:14:47,ULTRACEMCO,6925,14.136125654450261,48.69999999999999,28.53,654,81,6900,24-Nov-2022,29.508196721311474,-55.8,26.39,237,54,-27,6.96,0.0,0.0
27,2022-11-11 10:14:47,ULTRACEMCO,6925,-3.902439024390244,34.2,28.04,1773,-72,7000,24-Nov-2022,-4.71976401179941,-69.05000000000001,25.06,323,-16,56,6.96,1773.0,0.0
28,2022-11-11 10:14:47,ULTRACEMCO,6925,-6.539509536784741,23.85000000000001,27.84,686,-48,7100,24-Nov-2022,-2.272727272727273,-25.149999999999977,26.4,43,-1,47,6.96,0.0,0.0
29,2022-11-11 10:14:47,ULTRACEMCO,6925,-3.62400906002265,14.399999999999999,27.76,851,-32,7200,24-Nov-2022,0.0,0.0,0.0,6,0,32,6.96,851.0,0.0
30,2022-11-11 10:14:47,ULTRACEMCO,6925,-4.133858267716535,7.850000000000001,28.28,487,-21,7300,24-Nov-2022,0.0,0.0,0.0,3,0,21,6.96,0.0,0.0
31,2022-11-11 10:14:47,ULTRACEMCO,6925,-7.677902621722846,5.300000000000001,28.71,493,-41,7400,24-Nov-2022,0.0,0.0,0.0,2,0,41,6.96,0.0,0.0
32,2022-11-11 10:14:47,ULTRACEMCO,6925,-3.2329988851727984,2.5500000000000007,29.5,868,-29,7500,24-Nov-2022,0.0,0.0,0.0,10,0,29,6.96,868.0,0.0
33,2022-11-11 10:14:47,ULTRACEMCO,6925,4.024767801857585,1.25,30.81,336,13,7600,24-Nov-2022,0.0,0.0,0.0,0,0,-13,6.96,0.0,0.0
34,2022-11-11 10:14:47,ULTRACEMCO,6925,8.064516129032258,0.6000000000000005,32.54,201,15,7700,24-Nov-2022,0.0,0.0,0.0,0,0,-15,6.96,0.0,0.0
35,2022-11-11 10:14:47,ULTRACEMCO,6925,-1.0416666666666667,0.6500000000000004,34.34,190,-2,7800,24-Nov-2022,0.0,0.0,0.0,0,0,2,6.96,0.0,0.0
36,2022-11-11 10:14:47,ULTRACEMCO,6925,0.28169014084507044,0.0,36.42,356,1,7900,24-Nov-2022,0.0,0.0,0.0,0,0,-1,6.96,0.0,0.0
37,2022-11-11 10:14:47,ULTRACEMCO,6925,6.930693069306931,0.0,38.16,108,7,8000,24-Nov-2022,0.0,0.0,0.0,0,0,-7,6.96,0.0,0.0
38,2022-11-11 10:14:47,ULTRACEMCO,6925,0.0,0.0,0.0,0,0,8100,24-Nov-2022,0.0,0.0,0.0,0,0,0,6.96,0.0,0.0
14,2022-11-11 10:20:30,ULTRACEMCO,6925,0.0,0.0,0.0,0,0,5700,24-Nov-2022,0.0,0.0,0.0,48,0,0,7.64,0.0,0.0
15,2022-11-11 10:20:30,ULTRACEMCO,6925,0.0,0.0,0.0,1,0,5800,24-Nov-2022,-2.027027027027027,-1.3000000000000003,42.99,145,-3,-3,7.64,0.0,0.0
16,2022-11-11 10:20:30,ULTRACEMCO,6925,0.0,0.0,0.0,0,0,5900,24-Nov-2022,-1.5151515151515151,-2.3000000000000003,40.48,65,-1,-1,7.64,0.0,0.0
17,2022-11-11 10:20:30,ULTRACEMCO,6925,0.0,97.70000000000005,55.76,96,0,6000,24-Nov-2022,-1.2704174228675136,-2.3000000000000007,39.14,544,-7,-7,7.64,0.0,544.0
18,2022-11-11 10:20:30,ULTRACEMCO,6925,0.0,0.0,0.0,5,0,6100,24-Nov-2022,-3.673469387755102,-3.3499999999999996,36.9,236,-9,-9,7.64,0.0,0.0
19,2022-11-11 10:20:30,ULTRACEMCO,6925,0.0,0.0,0.0,37,0,6200,24-Nov-2022,-6.864988558352403,-4.8,34.75,407,-30,-30,7.64,0.0,0.0
20,2022-11-11 10:20:30,ULTRACEMCO,6925,0.0,0.0,0.0,134,0,6300,24-Nov-2022,-6.053811659192825,-6.899999999999999,32.75,419,-27,-27,7.64,0.0,0.0
21,2022-11-11 10:20:30,ULTRACEMCO,6925,0.0,57.950000000000045,24.37,111,0,6400,24-Nov-2022,-8.167330677290837,-10.700000000000001,30.92,461,-41,-41,7.64,0.0,0.0
22,2022-11-11 10:20:30,ULTRACEMCO,6925,0.0,0.0,0.0,188,0,6500,24-Nov-2022,5.2395209580838324,-16.299999999999997,29.51,703,35,35,7.64,0.0,703.0
23,2022-11-11 10:20:30,ULTRACEMCO,6925,0.0,0.0,0.0,220,0,6600,24-Nov-2022,4.183266932270916,-23.65,28.06,523,21,21,7.64,0.0,0.0
24,2022-11-11 10:20:30,ULTRACEMCO,6925,-0.823045267489712,72.6,31.79,241,-2,6700,24-Nov-2022,6.191369606003752,-33.5,27.2,566,33,35,7.64,0.0,566.0
25,2022-11-11 10:20:30,ULTRACEMCO,6925,-2.422145328719723,61.150000000000006,28.94,282,-7,6800,24-Nov-2022,6.65083135391924,-43.89999999999999,26.71,449,28,35,7.64,0.0,0.0
26,2022-11-11 10:20:30,ULTRACEMCO,6925,11.169284467713787,48.25,28.53,637,64,6900,24-Nov-2022,33.87978142076503,-56.349999999999994,26.39,245,62,-2,7.64,0.0,0.0
27,2022-11-11 10:20:30,ULTRACEMCO,6925,-3.956639566395664,35.349999999999994,28.04,1772,-73,7000,24-Nov-2022,-4.71976401179941,-68.05000000000001,25.06,323,-16,57,7.64,1772.0,0.0
28,2022-11-11 10:20:30,ULTRACEMCO,6925,-7.220708446866485,23.450000000000003,27.84,681,-53,7100,24-Nov-2022,-2.272727272727273,-25.149999999999977,26.4,43,-1,52,7.64,0.0,0.0
29,2022-11-11 10:20:30,ULTRACEMCO,6925,-4.190260475651189,15.0,27.76,846,-37,7200,24-Nov-2022,0.0,0.0,0.0,6,0,37,7.64,846.0,0.0
30,2022-11-11 10:20:30,ULTRACEMCO,6925,-3.3464566929133857,9.399999999999999,28.28,491,-17,7300,24-Nov-2022,0.0,0.0,0.0,3,0,17,7.64,0.0,0.0
31,2022-11-11 10:20:30,ULTRACEMCO,6925,-6.367041198501872,5.350000000000001,28.71,500,-34,7400,24-Nov-2022,0.0,0.0,0.0,2,0,34,7.64,0.0,0.0
32,2022-11-11 10:20:30,ULTRACEMCO,6925,-3.2329988851727984,2.700000000000001,29.5,868,-29,7500,24-Nov-2022,0.0,0.0,0.0,10,0,29,7.64,868.0,0.0
33,2022-11-11 10:20:30,ULTRACEMCO,6925,4.3343653250774,1.3000000000000007,30.81,337,14,7600,24-Nov-2022,0.0,0.0,0.0,0,0,-14,7.64,0.0,0.0
34,2022-11-11 10:20:30,ULTRACEMCO,6925,9.67741935483871,0.75,32.54,204,18,7700,24-Nov-2022,0.0,0.0,0.0,0,0,-18,7.64,0.0,0.0
35,2022-11-11 10:20:30,ULTRACEMCO,6925,-0.5208333333333334,0.6000000000000005,34.34,191,-1,7800,24-Nov-2022,0.0,0.0,0.0,0,0,1,7.64,0.0,0.0
36,2022-11-11 10:20:30,ULTRACEMCO,6925,0.8450704225352113,0.09999999999999964,36.42,358,3,7900,24-Nov-2022,0.0,0.0,0.0,0,0,-3,7.64,0.0,0.0
37,2022-11-11 10:20:30,ULTRACEMCO,6925,6.930693069306931,-0.09999999999999964,38.16,108,7,8000,24-Nov-2022,0.0,0.0,0.0,0,0,-7,7.64,0.0,0.0
38,2022-11-11 10:20:30,ULTRACEMCO,6925,0.0,0.0,0.0,0,0,8100,24-Nov-2022,0.0,0.0,0.0,0,0,0,7.64,0.0,0.0
14,2022-11-11 10:22:14,ULTRACEMCO,6925,0.0,0.0,0.0,0,0,5700,24-Nov-2022,0.0,0.0,0.0,48,0,0,8.56,0.0,0.0
15,2022-11-11 10:22:14,ULTRACEMCO,6925,0.0,0.0,0.0,1,0,5800,24-Nov-2022,-2.027027027027027,-1.3000000000000003,43.15,145,-3,-3,8.56,0.0,0.0
16,2022-11-11 10:22:14,ULTRACEMCO,6925,0.0,0.0,0.0,0,0,5900,24-Nov-2022,-1.5151515151515151,-2.3000000000000003,40.65,65,-1,-1,8.56,0.0,0.0
17,2022-11-11 10:22:14,ULTRACEMCO,6925,0.0,97.70000000000005,52.99,96,0,6000,24-Nov-2022,-1.2704174228675136,-2.3000000000000007,39.32,544,-7,-7,8.56,0.0,544.0
18,2022-11-11 10:22:14,ULTRACEMCO,6925,0.0,0.0,0.0,5,0,6100,24-Nov-2022,-3.673469387755102,-3.3499999999999996,36.86,236,-9,-9,8.56,0.0,0.0
19,2022-11-11 10:22:14,ULTRACEMCO,6925,0.0,0.0,0.0,37,0,6200,24-Nov-2022,-7.322654462242563,-4.75,34.77,405,-32,-32,8.56,0.0,0.0
20,2022-11-11 10:22:14,ULTRACEMCO,6925,0.0,0.0,0.0,134,0,6300,24-Nov-2022,-6.053811659192825,-6.899999999999999,32.76,419,-27,-27,8.56,0.0,0.0
21,2022-11-11 10:22:14,ULTRACEMCO,6925,0.0,57.950000000000045,0.0,111,0,6400,24-Nov-2022,-8.167330677290837,-10.700000000000001,30.99,461,-41,-41,8.56,0.0,0.0
22,2022-11-11 10:22:14,ULTRACEMCO,6925,0.0,0.0,0.0,188,0,6500,24-Nov-2022,5.389221556886228,-15.749999999999996,29.3,704,36,36,8.56,0.0,704.0
23,2022-11-11 10:22:14,ULTRACEMCO,6925,0.0,0.0,0.0,220,0,6600,24-Nov-2022,4.183266932270916,-23.65,28.21,523,21,21,8.56,0.0,0.0
24,2022-11-11 10:22:14,ULTRACEMCO,6925,-0.823045267489712,72.6,31.15,241,-2,6700,24-Nov-2022,6.191369606003752,-31.75,27.1,566,33,35,8.56,0.0,566.0
25,2022-11-11 10:22:14,ULTRACEMCO,6925,-2.7681660899653977,61.150000000000006,28.99,281,-8,6800,24-Nov-2022,7.1258907363420425,-42.0,26.8,451,30,38,8.56,0.0,0.0
26,2022-11-11 10:22:14,ULTRACEMCO,6925,11.518324607329843,42.599999999999994,28.92,639,66,6900,24-Nov-2022,33.87978142076503,-52.55,26.48,245,62,-4,8.56,0.0,0.0
27,2022-11-11 10:22:14,ULTRACEMCO,6925,-4.227642276422764,31.849999999999994,28.44,1767,-78,7000,24-Nov-2022,-4.71976401179941,-65.85000000000002,25.86,323,-16,62,8.56,1767.0,0.0
28,2022-11-11 10:22:14,ULTRACEMCO,6925,-8.991825613079019,21.450000000000003,28.06,668,-66,7100,24-Nov-2022,-2.272727272727273,-25.149999999999977,27.17,43,-1,65,8.56,0.0,0.0
29,2022-11-11 10:22:14,ULTRACEMCO,6925,-4.190260475651189,12.600000000000001,27.99,846,-37,7200,24-Nov-2022,0.0,0.0,0.0,6,0,37,8.56,846.0,0.0
30,2022-11-11 10:22:14,ULTRACEMCO,6925,-3.937007874015748,7.949999999999996,28.45,488,-20,7300,24-Nov-2022,0.0,0.0,0.0,3,0,20,8.56,0.0,0.0
31,2022-11-11 10:22:14,ULTRACEMCO,6925,-6.5543071161048685,4.350000000000001,28.67,499,-35,7400,24-Nov-2022,0.0,0.0,0.0,2,0,35,8.56,0.0,0.0
32,2022-11-11 10:22:14,ULTRACEMCO,6925,-3.2329988851727984,2.25,29.53,868,-29,7500,24-Nov-2022,0.0,0.0,0.0,10,0,29,8.56,868.0,0.0
33,2022-11-11 10:22:14,ULTRACEMCO,6925,4.3343653250774,1.5,30.8,337,14,7600,24-Nov-2022,0.0,0.0,0.0,0,0,-14,8.56,0.0,0.0
34,2022-11-11 10:22:14,ULTRACEMCO,6925,10.21505376344086,0.5,32.46,205,19,7700,24-Nov-2022,0.0,0.0,0.0,0,0,-19,8.56,0.0,0.0
35,2022-11-11 10:22:14,ULTRACEMCO,6925,-0.5208333333333334,0.35000000000000053,34.48,191,-1,7800,24-Nov-2022,0.0,0.0,0.0,0,0,1,8.56,0.0,0.0
36,2022-11-11 10:22:14,ULTRACEMCO,6925,0.28169014084507044,0.04999999999999982,36.56,356,1,7900,24-Nov-2022,0.0,0.0,0.0,0,0,-1,8.56,0.0,0.0
37,2022-11-11 10:22:14,ULTRACEMCO,6925,6.930693069306931,-0.09999999999999964,37.85,108,7,8000,24-Nov-2022,0.0,0.0,0.0,0,0,-7,8.56,0.0,0.0
38,2022-11-11 10:22:14,ULTRACEMCO,6925,0.0,0.0,0.0,0,0,8100,24-Nov-2022,0.0,0.0,0.0,0,0,0,8.56,0.0,0.0
14,2022-11-11 10:23:44,ULTRACEMCO,6925,0.0,0.0,0.0,0,0,5700,24-Nov-2022,0.0,0.0,0.0,48,0,0,8.2,0.0,0.0
15,2022-11-11 10:23:44,ULTRACEMCO,6925,0.0,0.0,0.0,1,0,5800,24-Nov-2022,-2.027027027027027,-1.3000000000000003,43.15,145,-3,-3,8.2,0.0,0.0
16,2022-11-11 10:23:44,ULTRACEMCO,6925,0.0,0.0,0.0,0,0,5900,24-Nov-2022,-1.5151515151515151,-2.3000000000000003,40.65,65,-1,-1,8.2,0.0,0.0
17,2022-11-11 10:23:44,ULTRACEMCO,6925,0.0,97.70000000000005,52.99,96,0,6000,24-Nov-2022,-1.2704174228675136,-2.3000000000000007,39.32,544,-7,-7,8.2,0.0,544.0
18,2022-11-11 10:23:44,ULTRACEMCO,6925,0.0,0.0,0.0,5,0,6100,24-Nov-2022,-3.673469387755102,-3.3499999999999996,36.86,236,-9,-9,8.2,0.0,0.0
19,2022-11-11 10:23:44,ULTRACEMCO,6925,0.0,0.0,0.0,37,0,6200,24-Nov-2022,-7.322654462242563,-4.6499999999999995,34.77,405,-32,-32,8.2,0.0,0.0
20,2022-11-11 10:23:44,ULTRACEMCO,6925,0.0,0.0,0.0,134,0,6300,24-Nov-2022,-5.829596412556054,-6.699999999999999,32.76,420,-26,-26,8.2,0.0,0.0
21,2022-11-11 10:23:44,ULTRACEMCO,6925,0.0,57.950000000000045,0.0,111,0,6400,24-Nov-2022,-8.366533864541832,-10.100000000000001,30.99,460,-42,-42,8.2,0.0,0.0
22,2022-11-11 10:23:44,ULTRACEMCO,6925,0.0,0.0,0.0,188,0,6500,24-Nov-2022,5.389221556886228,-15.749999999999996,29.3,704,36,36,8.2,0.0,704.0
23,2022-11-11 10:23:44,ULTRACEMCO,6925,0.0,0.0,0.0,220,0,6600,24-Nov-2022,4.183266932270916,-22.1,28.21,523,21,21,8.2,0.0,0.0
24,2022-11-11 10:23:44,ULTRACEMCO,6925,-0.823045267489712,72.6,31.15,241,-2,6700,24-Nov-2022,6.0037523452157595,-30.5,27.1,565,32,34,8.2,0.0,565.0
25,2022-11-11 10:23:44,ULTRACEMCO,6925,-2.7681660899653977,61.150000000000006,28.99,281,-8,6800,24-Nov-2022,7.1258907363420425,-41.3,26.8,451,30,38,8.2,0.0,0.0
26,2022-11-11 10:23:44,ULTRACEMCO,6925,11.518324607329843,44.849999999999994,28.92,639,66,6900,24-Nov-2022,33.87978142076503,-51.349999999999994,26.48,245,62,-4,8.2,0.0,0.0
27,2022-11-11 10:23:44,ULTRACEMCO,6925,-4.227642276422764,32.8,28.44,1767,-78,7000,24-Nov-2022,-4.71976401179941,-65.5,25.86,323,-16,62,8.2,1767.0,0.0
28,2022-11-11 10:23:44,ULTRACEMCO,6925,-8.991825613079019,20.5,28.06,668,-66,7100,24-Nov-2022,-2.272727272727273,-25.149999999999977,27.17,43,-1,65,8.2,0.0,0.0
29,2022-11-11 10:23:44,ULTRACEMCO,6925,-4.190260475651189,13.0,27.99,846,-37,7200,24-Nov-2022,0.0,0.0,0.0,6,0,37,8.2,846.0,0.0
30,2022-11-11 10:23:44,ULTRACEMCO,6925,-3.937007874015748,7.949999999999996,28.45,488,-20,7300,24-Nov-2022,0.0,0.0,0.0,3,0,20,8.2,0.0,0.0
31,2022-11-11 10:23:44,ULTRACEMCO,6925,-6.5543071161048685,4.300000000000001,28.67,499,-35,7400,24-Nov-2022,0.0,0.0,0.0,2,0,35,8.2,0.0,0.0
32,2022-11-11 10:23:44,ULTRACEMCO,6925,-2.898550724637681,1.950000000000001,29.53,871,-26,7500,24-Nov-2022,0.0,0.0,0.0,10,0,26,8.2,871.0,0.0
33,2022-11-11 10:23:44,ULTRACEMCO,6925,5.2631578947368425,1.1500000000000004,30.8,340,17,7600,24-Nov-2022,0.0,0.0,0.0,0,0,-17,8.2,0.0,0.0
34,2022-11-11 10:23:44,ULTRACEMCO,6925,10.21505376344086,0.20000000000000018,32.46,205,19,7700,24-Nov-2022,0.0,0.0,0.0,0,0,-19,8.2,0.0,0.0
35,2022-11-11 10:23:44,ULTRACEMCO,6925,0.0,0.35000000000000053,34.48,192,0,7800,24-Nov-2022,0.0,0.0,0.0,0,0,0,8.2,0.0,0.0
36,2022-11-11 10:23:44,ULTRACEMCO,6925,0.5633802816901409,-0.04999999999999982,36.56,357,2,7900,24-Nov-2022,0.0,0.0,0.0,0,0,-2,8.2,0.0,0.0
37,2022-11-11 10:23:44,ULTRACEMCO,6925,6.930693069306931,-0.09999999999999964,37.85,108,7,8000,24-Nov-2022,0.0,0.0,0.0,0,0,-7,8.2,0.0,0.0
38,2022-11-11 10:23:44,ULTRACEMCO,6925,0.0,0.0,0.0,0,0,8100,24-Nov-2022,0.0,0.0,0.0,0,0,0,8.2,0.0,0.0
14,2022-11-11 10:25:20,ULTRACEMCO,6925,0.0,0.0,0.0,0,0,5700,24-Nov-2022,0.0,0.0,0.0,48,0,0,8.2,0.0,0.0
15,2022-11-11 10:25:20,ULTRACEMCO,6925,0.0,0.0,0.0,1,0,5800,24-Nov-2022,-2.027027027027027,-1.3000000000000003,43.15,145,-3,-3,8.2,0.0,0.0
16,2022-11-11 10:25:20,ULTRACEMCO,6925,0.0,0.0,0.0,0,0,5900,24-Nov-2022,-1.5151515151515151,-2.3000000000000003,40.65,65,-1,-1,8.2,0.0,0.0
17,2022-11-11 10:25:20,ULTRACEMCO,6925,0.0,97.70000000000005,52.99,96,0,6000,24-Nov-2022,-1.2704174228675136,-2.3000000000000007,39.32,544,-7,-7,8.2,0.0,544.0
18,2022-11-11 10:25:20,ULTRACEMCO,6925,0.0,0.0,0.0,5,0,6100,24-Nov-2022,-3.673469387755102,-3.3499999999999996,36.86,236,-9,-9,8.2,0.0,0.0
19,2022-11-11 10:25:20,ULTRACEMCO,6925,0.0,0.0,0.0,37,0,6200,24-Nov-2022,-7.322654462242563,-4.6499999999999995,34.77,405,-32,-32,8.2,0.0,0.0
20,2022-11-11 10:25:20,ULTRACEMCO,6925,0.0,0.0,0.0,134,0,6300,24-Nov-2022,-5.829596412556054,-6.699999999999999,32.76,420,-26,-26,8.2,0.0,0.0
21,2022-11-11 10:25:20,ULTRACEMCO,6925,0.0,57.950000000000045,0.0,111,0,6400,24-Nov-2022,-8.366533864541832,-10.350000000000001,30.99,460,-42,-42,8.2,0.0,0.0
22,2022-11-11 10:25:20,ULTRACEMCO,6925,0.0,0.0,0.0,188,0,6500,24-Nov-2022,5.389221556886228,-15.749999999999996,29.3,704,36,36,8.2,0.0,704.0
23,2022-11-11 10:25:20,ULTRACEMCO,6925,0.0,0.0,0.0,220,0,6600,24-Nov-2022,4.183266932270916,-22.4,28.21,523,21,21,8.2,0.0,0.0
24,2022-11-11 10:25:20,ULTRACEMCO,6925,-0.823045267489712,72.6,31.15,241,-2,6700,24-Nov-2022,6.0037523452157595,-30.5,27.1,565,32,34,8.2,0.0,565.0
25,2022-11-11 10:25:20,ULTRACEMCO,6925,-2.7681660899653977,61.150000000000006,28.99,281,-8,6800,24-Nov-2022,7.1258907363420425,-41.349999999999994,26.8,451,30,38,8.2,0.0,0.0
26,2022-11-11 10:25:20,ULTRACEMCO,6925,11.518324607329843,44.849999999999994,28.92,639,66,6900,24-Nov-2022,33.87978142076503,-51.349999999999994,26.48,245,62,-4,8.2,0.0,0.0
27,2022-11-11 10:25:20,ULTRACEMCO,6925,-4.227642276422764,32.05,28.44,1767,-78,7000,24-Nov-2022,-4.71976401179941,-65.5,25.86,323,-16,62,8.2,1767.0,0.0
28,2022-11-11 10:25:20,ULTRACEMCO,6925,-8.991825613079019,20.5,28.06,668,-66,7100,24-Nov-2022,-2.272727272727273,-25.149999999999977,27.17,43,-1,65,8.2,0.0,0.0
29,2022-11-11 10:25:20,ULTRACEMCO,6925,-4.190260475651189,13.0,27.99,846,-37,7200,24-Nov-2022,0.0,0.0,0.0,6,0,37,8.2,846.0,0.0
30,2022-11-11 10:25:20,ULTRACEMCO,6925,-3.937007874015748,7.949999999999996,28.45,488,-20,7300,24-Nov-2022,0.0,0.0,0.0,3,0,20,8.2,0.0,0.0
31,2022-11-11 10:25:20,ULTRACEMCO,6925,-6.5543071161048685,4.300000000000001,28.67,499,-35,7400,24-Nov-2022,0.0,0.0,0.0,2,0,35,8.2,0.0,0.0
32,2022-11-11 10:25:20,ULTRACEMCO,6925,-2.898550724637681,1.950000000000001,29.53,871,-26,7500,24-Nov-2022,0.0,0.0,0.0,10,0,26,8.2,871.0,0.0
33,2022-11-11 10:25:20,ULTRACEMCO,6925,5.2631578947368425,1.1500000000000004,30.8,340,17,7600,24-Nov-2022,0.0,0.0,0.0,0,0,-17,8.2,0.0,0.0
34,2022-11-11 10:25:20,ULTRACEMCO,6925,10.21505376344086,0.20000000000000018,32.46,205,19,7700,24-Nov-2022,0.0,0.0,0.0,0,0,-19,8.2,0.0,0.0
35,2022-11-11 10:25:20,ULTRACEMCO,6925,0.0,0.40000000000000036,34.48,192,0,7800,24-Nov-2022,0.0,0.0,0.0,0,0,0,8.2,0.0,0.0
36,2022-11-11 10:25:20,ULTRACEMCO,6925,0.5633802816901409,-0.04999999999999982,36.56,357,2,7900,24-Nov-2022,0.0,0.0,0.0,0,0,-2,8.2,0.0,0.0
37,2022-11-11 10:25:20,ULTRACEMCO,6925,6.930693069306931,-0.09999999999999964,37.85,108,7,8000,24-Nov-2022,0.0,0.0,0.0,0,0,-7,8.2,0.0,0.0
38,2022-11-11 10:25:20,ULTRACEMCO,6925,0.0,0.0,0.0,0,0,8100,24-Nov-2022,0.0,0.0,0.0,0,0,0,8.2,0.0,0.0
14,2022-11-11 10:28:01,ULTRACEMCO,6900,0.0,0.0,0.0,0,0,5700,24-Nov-2022,0.0,0.0,0.0,48,0,0,11.04,0.0,0.0
15,2022-11-11 10:28:01,ULTRACEMCO,6900,0.0,0.0,0.0,1,0,5800,24-Nov-2022,-2.027027027027027,-1.3000000000000003,43.15,145,-3,-3,11.04,0.0,0.0
16,2022-11-11 10:28:01,ULTRACEMCO,6900,0.0,0.0,0.0,0,0,5900,24-Nov-2022,-1.5151515151515151,-2.3000000000000003,40.65,65,-1,-1,11.04,0.0,0.0
17,2022-11-11 10:28:01,ULTRACEMCO,6900,0.0,97.70000000000005,52.99,96,0,6000,24-Nov-2022,-1.2704174228675136,-2.3000000000000007,39.32,544,-7,-7,11.04,0.0,544.0
18,2022-11-11 10:28:01,ULTRACEMCO,6900,0.0,0.0,0.0,5,0,6100,24-Nov-2022,-3.673469387755102,-3.3499999999999996,36.86,236,-9,-9,11.04,0.0,0.0
19,2022-11-11 10:28:01,ULTRACEMCO,6900,0.0,0.0,0.0,37,0,6200,24-Nov-2022,-7.322654462242563,-4.6,34.77,405,-32,-32,11.04,0.0,0.0
20,2022-11-11 10:28:01,ULTRACEMCO,6900,0.0,0.0,0.0,134,0,6300,24-Nov-2022,-5.829596412556054,-7.0,32.76,420,-26,-26,11.04,0.0,0.0
21,2022-11-11 10:28:01,ULTRACEMCO,6900,0.0,57.950000000000045,0.0,111,0,6400,24-Nov-2022,-7.171314741035856,-10.3,30.99,466,-36,-36,11.04,0.0,0.0
22,2022-11-11 10:28:01,ULTRACEMCO,6900,0.0,0.0,0.0,188,0,6500,24-Nov-2022,5.538922155688622,-14.849999999999998,29.3,705,37,37,11.04,0.0,705.0
23,2022-11-11 10:28:01,ULTRACEMCO,6900,0.0,0.0,0.0,220,0,6600,24-Nov-2022,4.183266932270916,-21.299999999999997,28.21,523,21,21,11.04,0.0,0.0
24,2022-11-11 10:28:01,ULTRACEMCO,6900,-0.823045267489712,72.6,31.15,241,-2,6700,24-Nov-2022,6.0037523452157595,-30.5,27.1,565,32,34,11.04,0.0,565.0
25,2022-11-11 10:28:01,ULTRACEMCO,6900,-2.7681660899653977,50.099999999999994,28.99,281,-8,6800,24-Nov-2022,8.31353919239905,-37.89999999999999,26.8,456,35,43,11.04,0.0,0.0
26,2022-11-11 10:28:01,ULTRACEMCO,6900,9.773123909249565,40.19999999999999,28.92,629,56,6900,24-Nov-2022,37.704918032786885,-47.89999999999999,26.48,252,69,13,11.04,0.0,0.0
27,2022-11-11 10:28:01,ULTRACEMCO,6900,-4.878048780487805,28.049999999999997,28.44,1755,-90,7000,24-Nov-2022,-4.71976401179941,-65.5,25.86,323,-16,74,11.04,1755.0,0.0
28,2022-11-11 10:28:01,ULTRACEMCO,6900,-8.85558583106267,17.85000000000001,28.06,669,-65,7100,24-Nov-2022,-2.272727272727273,-25.149999999999977,27.17,43,-1,64,11.04,0.0,0.0
29,2022-11-11 10:28:01,ULTRACEMCO,6900,-4.756511891279728,10.850000000000001,27.99,841,-42,7200,24-Nov-2022,0.0,0.0,0.0,6,0,42,11.04,841.0,0.0
30,2022-11-11 10:28:01,ULTRACEMCO,6900,-2.7559055118110236,6.549999999999997,28.45,494,-14,7300,24-Nov-2022,0.0,0.0,0.0,3,0,14,11.04,0.0,0.0
31,2022-11-11 10:28:01,ULTRACEMCO,6900,-11.235955056179776,3.5500000000000007,28.67,474,-60,7400,24-Nov-2022,0.0,0.0,0.0,2,0,60,11.04,0.0,0.0
32,2022-11-11 10:28:01,ULTRACEMCO,6900,-3.455964325529543,1.950000000000001,29.53,866,-31,7500,24-Nov-2022,0.0,0.0,0.0,10,0,31,11.04,866.0,0.0
33,2022-11-11 10:28:01,ULTRACEMCO,6900,4.643962848297214,0.6000000000000014,30.8,338,15,7600,24-Nov-2022,0.0,0.0,0.0,0,0,-15,11.04,0.0,0.0
34,2022-11-11 10:28:01,ULTRACEMCO,6900,10.21505376344086,-0.04999999999999982,32.46,205,19,7700,24-Nov-2022,0.0,0.0,0.0,0,0,-19,11.04,0.0,0.0
35,2022-11-11 10:28:01,ULTRACEMCO,6900,0.0,0.40000000000000036,34.48,192,0,7800,24-Nov-2022,0.0,0.0,0.0,0,0,0,11.04,0.0,0.0
36,2022-11-11 10:28:01,ULTRACEMCO,6900,0.5633802816901409,-0.04999999999999982,36.56,357,2,7900,24-Nov-2022,0.0,0.0,0.0,0,0,-2,11.04,0.0,0.0
37,2022-11-11 10:28:01,ULTRACEMCO,6900,6.930693069306931,-0.09999999999999964,37.85,108,7,8000,24-Nov-2022,0.0,0.0,0.0,0,0,-7,11.04,0.0,0.0
38,2022-11-11 10:28:01,ULTRACEMCO,6900,0.0,0.0,0.0,0,0,8100,24-Nov-2022,0.0,0.0,0.0,0,0,0,11.04,0.0,0.0
14,2022-11-11 10:31:18,ULTRACEMCO,6900,0.0,0.0,0.0,0,0,5700,24-Nov-2022,0.0,0.0,0.0,48,0,0,10.64,0.0,0.0
15,2022-11-11 10:31:18,ULTRACEMCO,6900,0.0,0.0,0.0,1,0,5800,24-Nov-2022,-2.027027027027027,-1.3000000000000003,42.56,145,-3,-3,10.64,0.0,0.0
16,2022-11-11 10:31:18,ULTRACEMCO,6900,0.0,0.0,0.0,0,0,5900,24-Nov-2022,-1.5151515151515151,-2.3000000000000003,40.04,65,-1,-1,10.64,0.0,0.0
17,2022-11-11 10:31:18,ULTRACEMCO,6900,0.0,97.70000000000005,61.98,96,0,6000,24-Nov-2022,-1.0889292196007259,-2.0,39.32,545,-6,-6,10.64,0.0,545.0
18,2022-11-11 10:31:18,ULTRACEMCO,6900,0.0,0.0,0.0,5,0,6100,24-Nov-2022,-3.2653061224489797,-3.0999999999999996,36.19,237,-8,-8,10.64,0.0,0.0
19,2022-11-11 10:31:18,ULTRACEMCO,6900,0.0,0.0,0.0,37,0,6200,24-Nov-2022,-6.864988558352403,-4.449999999999999,34.11,407,-30,-30,10.64,0.0,0.0
20,2022-11-11 10:31:18,ULTRACEMCO,6900,0.0,0.0,0.0,134,0,6300,24-Nov-2022,-5.829596412556054,-6.149999999999999,31.93,420,-26,-26,10.64,0.0,0.0
21,2022-11-11 10:31:18,ULTRACEMCO,6900,0.0,57.950000000000045,32.3,111,0,6400,24-Nov-2022,-7.171314741035856,-9.100000000000001,30.99,466,-36,-36,10.64,0.0,0.0
22,2022-11-11 10:31:18,ULTRACEMCO,6900,0.0,0.0,0.0,188,0,6500,24-Nov-2022,5.688622754491018,-13.399999999999999,29.16,706,38,38,10.64,0.0,706.0
23,2022-11-11 10:31:18,ULTRACEMCO,6900,0.0,0.0,0.0,220,0,6600,24-Nov-2022,4.183266932270916,-19.049999999999997,28.21,523,21,21,10.64,0.0,0.0
24,2022-11-11 10:31:18,ULTRACEMCO,6900,-0.823045267489712,72.6,34.34,241,-2,6700,24-Nov-2022,5.628517823639775,-27.75,26.55,563,30,32,10.64,0.0,563.0
25,2022-11-11 10:31:18,ULTRACEMCO,6900,-3.4602076124567476,39.150000000000006,29.34,279,-10,6800,24-Nov-2022,9.263657957244655,-34.89999999999999,26.26,460,39,49,10.64,0.0,0.0
26,2022-11-11 10:31:18,ULTRACEMCO,6900,9.24956369982548,30.25,29.4,626,53,6900,24-Nov-2022,37.704918032786885,-43.75,26.48,252,69,16,10.64,0.0,0.0
27,2022-11-11 10:31:18,ULTRACEMCO,6900,-4.715447154471545,20.099999999999994,28.84,1758,-87,7000,24-Nov-2022,-4.71976401179941,-52.75,24.1,323,-16,71,10.64,1758.0,0.0
28,2022-11-11 10:31:18,ULTRACEMCO,6900,-7.76566757493188,13.700000000000003,28.42,677,-57,7100,24-Nov-2022,-2.272727272727273,-25.149999999999977,24.22,43,-1,56,10.64,0.0,0.0
29,2022-11-11 10:31:18,ULTRACEMCO,6900,-3.8505096262740657,7.700000000000003,28.17,849,-34,7200,24-Nov-2022,0.0,0.0,0.0,6,0,34,10.64,849.0,0.0
30,2022-11-11 10:31:18,ULTRACEMCO,6900,-2.7559055118110236,3.8999999999999986,28.45,494,-14,7300,24-Nov-2022,0.0,0.0,0.0,3,0,14,10.64,0.0,0.0
31,2022-11-11 10:31:18,ULTRACEMCO,6900,-11.423220973782772,1.8500000000000014,28.99,473,-61,7400,24-Nov-2022,0.0,0.0,0.0,2,0,61,10.64,0.0,0.0
32,2022-11-11 10:31:18,ULTRACEMCO,6900,-3.455964325529543,0.5,30.04,866,-31,7500,24-Nov-2022,0.0,0.0,0.0,10,0,31,10.64,866.0,0.0
33,2022-11-11 10:31:18,ULTRACEMCO,6900,4.643962848297214,-0.09999999999999964,30.8,338,15,7600,24-Nov-2022,0.0,0.0,0.0,0,0,-15,10.64,0.0,0.0
34,2022-11-11 10:31:18,ULTRACEMCO,6900,11.290322580645162,-0.4499999999999993,32.62,207,21,7700,24-Nov-2022,0.0,0.0,0.0,0,0,-21,10.64,0.0,0.0
35,2022-11-11 10:31:18,ULTRACEMCO,6900,1.0416666666666667,-0.39999999999999947,34.94,194,2,7800,24-Nov-2022,0.0,0.0,0.0,0,0,-2,10.64,0.0,0.0
36,2022-11-11 10:31:18,ULTRACEMCO,6900,0.5633802816901409,-0.04999999999999982,36.85,357,2,7900,24-Nov-2022,0.0,0.0,0.0,0,0,-2,10.64,0.0,0.0
37,2022-11-11 10:31:18,ULTRACEMCO,6900,6.930693069306931,-0.09999999999999964,38.5,108,7,8000,24-Nov-2022,0.0,0.0,0.0,0,0,-7,10.64,0.0,0.0
38,2022-11-11 10:31:18,ULTRACEMCO,6900,0.0,0.0,0.0,0,0,8100,24-Nov-2022,0.0,0.0,0.0,0,0,0,10.64,0.0,0.0
14,2022-11-11 10:34:27,ULTRACEMCO,6900,0.0,0.0,0.0,0,0,5700,24-Nov-2022,0.0,0.0,0.0,48,0,0,11.76,0.0,0.0
15,2022-11-11 10:34:27,ULTRACEMCO,6900,0.0,0.0,0.0,1,0,5800,24-Nov-2022,-2.027027027027027,-1.15,42.56,145,-3,-3,11.76,0.0,0.0
16,2022-11-11 10:34:27,ULTRACEMCO,6900,0.0,0.0,0.0,0,0,5900,24-Nov-2022,-1.5151515151515151,-2.3000000000000003,40.04,65,-1,-1,11.76,0.0,0.0
17,2022-11-11 10:34:27,ULTRACEMCO,6900,0.0,97.70000000000005,61.98,96,0,6000,24-Nov-2022,-1.2704174228675136,-1.9000000000000004,38.25,544,-7,-7,11.76,0.0,544.0
18,2022-11-11 10:34:27,ULTRACEMCO,6900,0.0,0.0,0.0,5,0,6100,24-Nov-2022,-3.2653061224489797,-3.0,36.19,237,-8,-8,11.76,0.0,0.0
19,2022-11-11 10:34:27,ULTRACEMCO,6900,0.0,0.0,0.0,37,0,6200,24-Nov-2022,-7.093821510297483,-4.35,34.11,406,-31,-31,11.76,0.0,0.0
20,2022-11-11 10:34:27,ULTRACEMCO,6900,0.0,0.0,0.0,134,0,6300,24-Nov-2022,-4.484304932735426,-6.049999999999999,31.93,426,-20,-20,11.76,0.0,0.0
21,2022-11-11 10:34:27,ULTRACEMCO,6900,0.0,57.950000000000045,32.3,111,0,6400,24-Nov-2022,-7.370517928286852,-9.100000000000001,30.14,465,-37,-37,11.76,0.0,0.0
22,2022-11-11 10:34:27,ULTRACEMCO,6900,0.0,0.0,0.0,188,0,6500,24-Nov-2022,5.838323353293413,-13.899999999999999,29.16,707,39,39,11.76,0.0,707.0
23,2022-11-11 10:34:27,ULTRACEMCO,6900,0.0,0.0,0.0,220,0,6600,24-Nov-2022,3.7848605577689245,-19.449999999999996,27.75,521,19,19,11.76,0.0,0.0
24,2022-11-11 10:34:27,ULTRACEMCO,6900,-0.823045267489712,44.54999999999998,34.34,241,-2,6700,24-Nov-2022,6.191369606003752,-28.0,26.55,566,33,35,11.76,0.0,566.0
25,2022-11-11 10:34:27,ULTRACEMCO,6900,-3.4602076124567476,39.150000000000006,29.34,279,-10,6800,24-Nov-2022,10.926365795724466,-38.14999999999999,26.26,467,46,56,11.76,0.0,0.0
26,2022-11-11 10:34:27,ULTRACEMCO,6900,6.108202443280978,31.25,29.4,608,35,6900,24-Nov-2022,27.868852459016395,-46.75,25.76,234,51,16,11.76,0.0,0.0
27,2022-11-11 10:34:27,ULTRACEMCO,6900,-5.311653116531165,21.799999999999997,28.84,1747,-98,7000,24-Nov-2022,-4.71976401179941,-52.75,24.1,323,-16,82,11.76,1747.0,0.0
28,2022-11-11 10:34:27,ULTRACEMCO,6900,-7.356948228882834,12.850000000000009,28.42,680,-54,7100,24-Nov-2022,-2.272727272727273,-25.149999999999977,24.22,43,-1,53,11.76,0.0,0.0
29,2022-11-11 10:34:27,ULTRACEMCO,6900,-4.077010192525481,7.850000000000001,28.17,847,-36,7200,24-Nov-2022,0.0,0.0,0.0,6,0,36,11.76,847.0,0.0
30,2022-11-11 10:34:27,ULTRACEMCO,6900,-2.3622047244094486,4.199999999999999,28.45,496,-12,7300,24-Nov-2022,0.0,0.0,0.0,3,0,12,11.76,0.0,0.0
31,2022-11-11 10:34:27,ULTRACEMCO,6900,-11.610486891385769,2.3000000000000007,28.99,472,-62,7400,24-Nov-2022,0.0,0.0,0.0,2,0,62,11.76,0.0,0.0
32,2022-11-11 10:34:27,ULTRACEMCO,6900,-4.682274247491639,0.75,30.04,855,-42,7500,24-Nov-2022,0.0,0.0,0.0,10,0,42,11.76,855.0,0.0
33,2022-11-11 10:34:27,ULTRACEMCO,6900,5.572755417956657,-0.049999999999998934,30.9,341,18,7600,24-Nov-2022,0.0,0.0,0.0,0,0,-18,11.76,0.0,0.0
34,2022-11-11 10:34:27,ULTRACEMCO,6900,11.290322580645162,-0.5,32.62,207,21,7700,24-Nov-2022,0.0,0.0,0.0,0,0,-21,11.76,0.0,0.0
35,2022-11-11 10:34:27,ULTRACEMCO,6900,1.0416666666666667,-0.39999999999999947,34.94,194,2,7800,24-Nov-2022,0.0,0.0,0.0,0,0,-2,11.76,0.0,0.0
36,2022-11-11 10:34:27,ULTRACEMCO,6900,0.5633802816901409,-0.5499999999999998,36.85,357,2,7900,24-Nov-2022,0.0,0.0,0.0,0,0,-2,11.76,0.0,0.0
37,2022-11-11 10:34:27,ULTRACEMCO,6900,7.920792079207921,-0.7499999999999996,38.5,109,8,8000,24-Nov-2022,0.0,0.0,0.0,0,0,-8,11.76,0.0,0.0
38,2022-11-11 10:34:27,ULTRACEMCO,6900,0.0,0.0,0.0,0,0,8100,24-Nov-2022,0.0,0.0,0.0,0,0,0,11.76,0.0,0.0
14,2022-11-11 10:36:55,ULTRACEMCO,6900,0.0,0.0,0.0,0,0,5700,24-Nov-2022,0.0,0.0,0.0,48,0,0,11.48,0.0,0.0
15,2022-11-11 10:36:55,ULTRACEMCO,6900,0.0,0.0,0.0,1,0,5800,24-Nov-2022,-2.027027027027027,-1.15,42.56,145,-3,-3,11.48,0.0,0.0
16,2022-11-11 10:36:55,ULTRACEMCO,6900,0.0,0.0,0.0,0,0,5900,24-Nov-2022,-1.5151515151515151,-2.3000000000000003,40.04,65,-1,-1,11.48,0.0,0.0
17,2022-11-11 10:36:55,ULTRACEMCO,6900,0.0,97.70000000000005,61.98,96,0,6000,24-Nov-2022,-1.2704174228675136,-1.9000000000000004,38.25,544,-7,-7,11.48,0.0,544.0
18,2022-11-11 10:36:55,ULTRACEMCO,6900,0.0,0.0,0.0,5,0,6100,24-Nov-2022,-4.489795918367347,-3.1499999999999995,36.19,234,-11,-11,11.48,0.0,0.0
19,2022-11-11 10:36:55,ULTRACEMCO,6900,0.0,0.0,0.0,37,0,6200,24-Nov-2022,-7.093821510297483,-4.1,34.11,406,-31,-31,11.48,0.0,0.0
20,2022-11-11 10:36:55,ULTRACEMCO,6900,0.0,0.0,0.0,134,0,6300,24-Nov-2022,-4.484304932735426,-6.25,31.93,426,-20,-20,11.48,0.0,0.0
21,2022-11-11 10:36:55,ULTRACEMCO,6900,0.0,57.950000000000045,32.3,111,0,6400,24-Nov-2022,-8.764940239043824,-9.400000000000002,30.14,458,-44,-44,11.48,0.0,0.0
22,2022-11-11 10:36:55,ULTRACEMCO,6900,0.0,0.0,0.0,188,0,6500,24-Nov-2022,5.838323353293413,-14.299999999999997,29.16,707,39,39,11.48,0.0,707.0
23,2022-11-11 10:36:55,ULTRACEMCO,6900,0.0,0.0,0.0,220,0,6600,24-Nov-2022,3.7848605577689245,-21.449999999999996,27.75,521,19,19,11.48,0.0,0.0
24,2022-11-11 10:36:55,ULTRACEMCO,6900,-0.823045267489712,44.54999999999998,34.34,241,-2,6700,24-Nov-2022,6.191369606003752,-29.35,26.55,566,33,35,11.48,0.0,566.0
25,2022-11-11 10:36:55,ULTRACEMCO,6900,-3.4602076124567476,39.150000000000006,29.34,279,-10,6800,24-Nov-2022,10.926365795724466,-35.3,26.26,467,46,56,11.48,0.0,0.0
26,2022-11-11 10:36:55,ULTRACEMCO,6900,6.108202443280978,33.94999999999999,29.4,608,35,6900,24-Nov-2022,27.868852459016395,-47.39999999999999,25.76,234,51,16,11.48,0.0,0.0
27,2022-11-11 10:36:55,ULTRACEMCO,6900,-5.311653116531165,23.049999999999997,28.84,1747,-98,7000,24-Nov-2022,-4.71976401179941,-58.20000000000002,24.1,323,-16,82,11.48,1747.0,0.0
28,2022-11-11 10:36:55,ULTRACEMCO,6900,-7.356948228882834,11.650000000000006,28.42,680,-54,7100,24-Nov-2022,-2.272727272727273,-25.149999999999977,24.22,43,-1,53,11.48,0.0,0.0
29,2022-11-11 10:36:55,ULTRACEMCO,6900,-4.077010192525481,7.850000000000001,28.17,847,-36,7200,24-Nov-2022,0.0,0.0,0.0,6,0,36,11.48,847.0,0.0
30,2022-11-11 10:36:55,ULTRACEMCO,6900,-2.3622047244094486,4.949999999999999,28.45,496,-12,7300,24-Nov-2022,0.0,0.0,0.0,3,0,12,11.48,0.0,0.0
31,2022-11-11 10:36:55,ULTRACEMCO,6900,-11.610486891385769,2.650000000000002,28.99,472,-62,7400,24-Nov-2022,0.0,0.0,0.0,2,0,62,11.48,0.0,0.0
32,2022-11-11 10:36:55,ULTRACEMCO,6900,-4.682274247491639,0.9500000000000011,30.04,855,-42,7500,24-Nov-2022,0.0,0.0,0.0,10,0,42,11.48,855.0,0.0
33,2022-11-11 10:36:55,ULTRACEMCO,6900,5.2631578947368425,0.15000000000000036,30.9,340,17,7600,24-Nov-2022,0.0,0.0,0.0,0,0,-17,11.48,0.0,0.0
34,2022-11-11 10:36:55,ULTRACEMCO,6900,11.290322580645162,-0.09999999999999964,32.62,207,21,7700,24-Nov-2022,0.0,0.0,0.0,0,0,-21,11.48,0.0,0.0
35,2022-11-11 10:36:55,ULTRACEMCO,6900,0.5208333333333334,-0.09999999999999964,34.94,193,1,7800,24-Nov-2022,0.0,0.0,0.0,0,0,-1,11.48,0.0,0.0
36,2022-11-11 10:36:55,ULTRACEMCO,6900,0.28169014084507044,-0.34999999999999964,36.85,356,1,7900,24-Nov-2022,0.0,0.0,0.0,0,0,-1,11.48,0.0,0.0
37,2022-11-11 10:36:55,ULTRACEMCO,6900,7.920792079207921,-0.7499999999999996,38.5,109,8,8000,24-Nov-2022,0.0,0.0,0.0,0,0,-8,11.48,0.0,0.0
38,2022-11-11 10:36:55,ULTRACEMCO,6900,0.0,0.0,0.0,0,0,8100,24-Nov-2022,0.0,0.0,0.0,0,0,0,11.48,0.0,0.0
14,2022-11-11 10:39:48,ULTRACEMCO,6900,0.0,0.0,0.0,0,0,5700,24-Nov-2022,0.0,0.0,0.0,48,0,0,11.32,0.0,0.0
15,2022-11-11 10:39:48,ULTRACEMCO,6900,0.0,0.0,0.0,1,0,5800,24-Nov-2022,-2.027027027027027,-1.15,42.56,145,-3,-3,11.32,0.0,0.0
16,2022-11-11 10:39:48,ULTRACEMCO,6900,0.0,0.0,0.0,0,0,5900,24-Nov-2022,-1.5151515151515151,-2.3000000000000003,40.04,65,-1,-1,11.32,0.0,0.0
17,2022-11-11 10:39:48,ULTRACEMCO,6900,0.0,97.70000000000005,61.98,96,0,6000,24-Nov-2022,-1.2704174228675136,-1.9000000000000004,38.25,544,-7,-7,11.32,0.0,544.0
18,2022-11-11 10:39:48,ULTRACEMCO,6900,0.0,0.0,0.0,5,0,6100,24-Nov-2022,-4.489795918367347,-3.1499999999999995,36.19,234,-11,-11,11.32,0.0,0.0
19,2022-11-11 10:39:48,ULTRACEMCO,6900,0.0,0.0,0.0,37,0,6200,24-Nov-2022,-7.780320366132723,-3.9000000000000004,34.11,403,-34,-34,11.32,0.0,0.0
20,2022-11-11 10:39:48,ULTRACEMCO,6900,0.0,0.0,0.0,134,0,6300,24-Nov-2022,-3.3632286995515694,-6.25,31.93,431,-15,-15,11.32,0.0,0.0
21,2022-11-11 10:39:48,ULTRACEMCO,6900,0.0,57.950000000000045,32.3,111,0,6400,24-Nov-2022,-9.56175298804781,-9.400000000000002,30.14,454,-48,-48,11.32,0.0,0.0
22,2022-11-11 10:39:48,ULTRACEMCO,6900,0.0,0.0,0.0,188,0,6500,24-Nov-2022,5.688622754491018,-13.299999999999997,29.16,706,38,38,11.32,0.0,706.0
23,2022-11-11 10:39:48,ULTRACEMCO,6900,0.0,0.0,0.0,220,0,6600,24-Nov-2022,3.7848605577689245,-19.199999999999996,27.75,521,19,19,11.32,0.0,0.0
24,2022-11-11 10:39:48,ULTRACEMCO,6900,-0.823045267489712,48.04999999999998,34.34,241,-2,6700,24-Nov-2022,6.0037523452157595,-27.25,26.55,565,32,34,11.32,0.0,565.0
25,2022-11-11 10:39:48,ULTRACEMCO,6900,-3.114186851211073,37.150000000000006,29.34,280,-9,6800,24-Nov-2022,10.21377672209026,-35.349999999999994,26.26,464,43,52,11.32,0.0,0.0
26,2022-11-11 10:39:48,ULTRACEMCO,6900,6.457242582897033,30.25,29.4,610,37,6900,24-Nov-2022,27.868852459016395,-44.150000000000006,25.76,234,51,14,11.32,0.0,0.0
27,2022-11-11 10:39:48,ULTRACEMCO,6900,-5.203252032520325,20.549999999999997,28.84,1749,-96,7000,24-Nov-2022,-6.489675516224189,-52.75,24.1,317,-22,74,11.32,1749.0,0.0
28,2022-11-11 10:39:48,ULTRACEMCO,6900,-8.174386920980927,12.400000000000006,28.42,674,-60,7100,24-Nov-2022,-2.272727272727273,-25.149999999999977,24.22,43,-1,59,11.32,0.0,0.0
29,2022-11-11 10:39:48,ULTRACEMCO,6900,-4.303510758776897,7.0,28.17,845,-38,7200,24-Nov-2022,0.0,0.0,0.0,6,0,38,11.32,845.0,0.0
30,2022-11-11 10:39:48,ULTRACEMCO,6900,-2.559055118110236,4.549999999999997,28.45,495,-13,7300,24-Nov-2022,0.0,0.0,0.0,3,0,13,11.32,0.0,0.0
31,2022-11-11 10:39:48,ULTRACEMCO,6900,-11.235955056179776,2.650000000000002,28.99,474,-60,7400,24-Nov-2022,0.0,0.0,0.0,2,0,60,11.32,0.0,0.0
32,2022-11-11 10:39:48,ULTRACEMCO,6900,-4.9052396878483835,0.6000000000000014,30.04,853,-44,7500,24-Nov-2022,0.0,0.0,0.0,10,0,44,11.32,853.0,0.0
33,2022-11-11 10:39:48,ULTRACEMCO,6900,4.953560371517028,0.15000000000000036,30.9,339,16,7600,24-Nov-2022,0.0,0.0,0.0,0,0,-16,11.32,0.0,0.0
34,2022-11-11 10:39:48,ULTRACEMCO,6900,9.13978494623656,-0.09999999999999964,32.62,203,17,7700,24-Nov-2022,0.0,0.0,0.0,0,0,-17,11.32,0.0,0.0
35,2022-11-11 10:39:48,ULTRACEMCO,6900,0.5208333333333334,-0.09999999999999964,34.94,193,1,7800,24-Nov-2022,0.0,0.0,0.0,0,0,-1,11.32,0.0,0.0
36,2022-11-11 10:39:48,ULTRACEMCO,6900,0.28169014084507044,-0.34999999999999964,36.85,356,1,7900,24-Nov-2022,0.0,0.0,0.0,0,0,-1,11.32,0.0,0.0
37,2022-11-11 10:39:48,ULTRACEMCO,6900,7.920792079207921,-0.7499999999999996,38.5,109,8,8000,24-Nov-2022,0.0,0.0,0.0,0,0,-8,11.32,0.0,0.0
38,2022-11-11 10:39:48,ULTRACEMCO,6900,0.0,0.0,0.0,0,0,8100,24-Nov-2022,0.0,0.0,0.0,0,0,0,11.32,0.0,0.0
14,2022-11-11 10:42:38,ULTRACEMCO,6900,0.0,0.0,0.0,0,0,5700,24-Nov-2022,0.0,0.0,0.0,48,0,0,10.28,0.0,0.0
15,2022-11-11 10:42:38,ULTRACEMCO,6900,0.0,0.0,0.0,1,0,5800,24-Nov-2022,-2.027027027027027,-1.15,42.58,145,-3,-3,10.28,0.0,0.0
16,2022-11-11 10:42:38,ULTRACEMCO,6900,0.0,0.0,0.0,0,0,5900,24-Nov-2022,-1.5151515151515151,-2.3000000000000003,39.71,65,-1,-1,10.28,0.0,0.0
17,2022-11-11 10:42:38,ULTRACEMCO,6900,0.0,97.70000000000005,65.87,96,0,6000,24-Nov-2022,-1.9963702359346642,-1.9000000000000004,38.86,540,-11,-11,10.28,0.0,540.0
18,2022-11-11 10:42:38,ULTRACEMCO,6900,0.0,0.0,0.0,5,0,6100,24-Nov-2022,-4.489795918367347,-2.5,36.05,234,-11,-11,10.28,0.0,0.0
19,2022-11-11 10:42:38,ULTRACEMCO,6900,0.0,0.0,0.0,37,0,6200,24-Nov-2022,-8.466819221967963,-3.8499999999999996,34.3,400,-37,-37,10.28,0.0,0.0
20,2022-11-11 10:42:38,ULTRACEMCO,6900,0.0,0.0,0.0,134,0,6300,24-Nov-2022,-3.3632286995515694,-6.25,32.01,431,-15,-15,10.28,0.0,0.0
21,2022-11-11 10:42:38,ULTRACEMCO,6900,0.0,57.950000000000045,36.13,111,0,6400,24-Nov-2022,-9.56175298804781,-8.55,30.14,454,-48,-48,10.28,0.0,0.0
22,2022-11-11 10:42:38,ULTRACEMCO,6900,0.0,0.0,0.0,188,0,6500,24-Nov-2022,5.688622754491018,-13.199999999999996,29.03,706,38,38,10.28,0.0,706.0
23,2022-11-11 10:42:38,ULTRACEMCO,6900,0.0,0.0,0.0,220,0,6600,24-Nov-2022,3.7848605577689245,-18.949999999999996,27.68,521,19,19,10.28,0.0,0.0
24,2022-11-11 10:42:38,ULTRACEMCO,6900,-0.823045267489712,48.04999999999998,30.53,241,-2,6700,24-Nov-2022,6.0037523452157595,-27.4,26.67,565,32,34,10.28,0.0,565.0
25,2022-11-11 10:42:38,ULTRACEMCO,6900,-2.7681660899653977,39.400000000000006,29.02,281,-8,6800,24-Nov-2022,10.21377672209026,-35.3,26.01,464,43,51,10.28,0.0,0.0
26,2022-11-11 10:42:38,ULTRACEMCO,6900,6.457242582897033,29.75,28.96,610,37,6900,24-Nov-2022,27.868852459016395,-44.150000000000006,25.6,234,51,14,10.28,0.0,0.0
27,2022-11-11 10:42:38,ULTRACEMCO,6900,-4.607046070460704,21.049999999999997,28.42,1760,-85,7000,24-Nov-2022,-6.489675516224189,-52.900000000000006,25.38,317,-22,63,10.28,1760.0,0.0
28,2022-11-11 10:42:38,ULTRACEMCO,6900,-8.174386920980927,13.450000000000003,28.1,674,-60,7100,24-Nov-2022,-2.272727272727273,-25.149999999999977,22.45,43,-1,59,10.28,0.0,0.0
29,2022-11-11 10:42:38,ULTRACEMCO,6900,-4.303510758776897,7.850000000000001,27.99,845,-38,7200,24-Nov-2022,0.0,0.0,0.0,6,0,38,10.28,845.0,0.0
30,2022-11-11 10:42:38,ULTRACEMCO,6900,-0.984251968503937,4.399999999999999,28.3,503,-5,7300,24-Nov-2022,0.0,0.0,0.0,3,0,5,10.28,0.0,0.0
31,2022-11-11 10:42:38,ULTRACEMCO,6900,-11.235955056179776,2.25,29.1,474,-60,7400,24-Nov-2022,0.0,0.0,0.0,2,0,60,10.28,0.0,0.0
32,2022-11-11 10:42:38,ULTRACEMCO,6900,-4.9052396878483835,0.9500000000000011,29.76,853,-44,7500,24-Nov-2022,0.0,0.0,0.0,10,0,44,10.28,853.0,0.0
33,2022-11-11 10:42:38,ULTRACEMCO,6900,4.953560371517028,0.15000000000000036,31.13,339,16,7600,24-Nov-2022,0.0,0.0,0.0,0,0,-16,10.28,0.0,0.0
34,2022-11-11 10:42:38,ULTRACEMCO,6900,9.13978494623656,-0.09999999999999964,32.96,203,17,7700,24-Nov-2022,0.0,0.0,0.0,0,0,-17,10.28,0.0,0.0
35,2022-11-11 10:42:38,ULTRACEMCO,6900,0.0,-0.09999999999999964,34.82,192,0,7800,24-Nov-2022,0.0,0.0,0.0,0,0,0,10.28,0.0,0.0
36,2022-11-11 10:42:38,ULTRACEMCO,6900,0.28169014084507044,-0.5,36.86,356,1,7900,24-Nov-2022,0.0,0.0,0.0,0,0,-1,10.28,0.0,0.0
37,2022-11-11 10:42:38,ULTRACEMCO,6900,7.920792079207921,-0.7499999999999996,37.92,109,8,8000,24-Nov-2022,0.0,0.0,0.0,0,0,-8,10.28,0.0,0.0
38,2022-11-11 10:42:38,ULTRACEMCO,6900,0.0,0.0,0.0,0,0,8100,24-Nov-2022,0.0,0.0,0.0,0,0,0,10.28,0.0,0.0
14,2022-11-11 10:45:55,ULTRACEMCO,6875,0.0,0.0,0.0,0,0,5700,24-Nov-2022,0.0,0.0,0.0,48,0,0,8.56,0.0,0.0
15,2022-11-11 10:45:55,ULTRACEMCO,6875,0.0,0.0,0.0,1,0,5800,24-Nov-2022,-2.027027027027027,-0.8999999999999999,42.58,145,-3,-3,8.56,0.0,0.0
16,2022-11-11 10:45:55,ULTRACEMCO,6875,0.0,0.0,0.0,0,0,5900,24-Nov-2022,-1.5151515151515151,-2.3000000000000003,39.71,65,-1,-1,8.56,0.0,0.0
17,2022-11-11 10:45:55,ULTRACEMCO,6875,0.0,97.70000000000005,65.87,96,0,6000,24-Nov-2022,-4.537205081669692,-1.9000000000000004,38.86,526,-25,-25,8.56,0.0,526.0
18,2022-11-11 10:45:55,ULTRACEMCO,6875,0.0,0.0,0.0,5,0,6100,24-Nov-2022,-4.489795918367347,-2.4499999999999993,36.05,234,-11,-11,8.56,0.0,0.0
19,2022-11-11 10:45:55,ULTRACEMCO,6875,0.0,0.0,0.0,37,0,6200,24-Nov-2022,-12.585812356979405,-3.4499999999999993,34.3,382,-55,-55,8.56,0.0,0.0
20,2022-11-11 10:45:55,ULTRACEMCO,6875,0.0,0.0,0.0,134,0,6300,24-Nov-2022,-3.1390134529147984,-5.199999999999999,32.01,432,-14,-14,8.56,0.0,0.0
21,2022-11-11 10:45:55,ULTRACEMCO,6875,0.0,57.950000000000045,36.13,111,0,6400,24-Nov-2022,-8.96414342629482,-7.5,30.14,457,-45,-45,8.56,0.0,0.0
22,2022-11-11 10:45:55,ULTRACEMCO,6875,0.0,0.0,0.0,188,0,6500,24-Nov-2022,5.389221556886228,-12.199999999999996,29.03,704,36,36,8.56,0.0,704.0
23,2022-11-11 10:45:55,ULTRACEMCO,6875,0.0,0.0,0.0,220,0,6600,24-Nov-2022,1.9920318725099602,-16.799999999999997,27.68,512,10,10,8.56,0.0,0.0
24,2022-11-11 10:45:55,ULTRACEMCO,6875,-0.823045267489712,48.04999999999998,30.53,241,-2,6700,24-Nov-2022,6.378986866791744,-24.0,26.67,567,34,36,8.56,0.0,567.0
25,2022-11-11 10:45:55,ULTRACEMCO,6875,-2.7681660899653977,31.200000000000017,29.02,281,-8,6800,24-Nov-2022,9.263657957244655,-29.849999999999994,26.01,460,39,47,8.56,0.0,0.0
26,2022-11-11 10:45:55,ULTRACEMCO,6875,7.504363001745201,21.5,28.96,616,43,6900,24-Nov-2022,30.601092896174862,-36.849999999999994,25.6,239,56,13,8.56,0.0,0.0
27,2022-11-11 10:45:55,ULTRACEMCO,6875,-4.5528455284552845,15.049999999999997,28.42,1761,-84,7000,24-Nov-2022,-6.489675516224189,-45.0,25.38,317,-22,62,8.56,1761.0,0.0
28,2022-11-11 10:45:55,ULTRACEMCO,6875,-7.629427792915531,9.400000000000006,28.1,678,-56,7100,24-Nov-2022,-2.272727272727273,-25.149999999999977,22.45,43,-1,55,8.56,0.0,0.0
29,2022-11-11 10:45:55,ULTRACEMCO,6875,-4.077010192525481,4.700000000000003,27.99,847,-36,7200,24-Nov-2022,0.0,0.0,0.0,6,0,36,8.56,847.0,0.0
30,2022-11-11 10:45:55,ULTRACEMCO,6875,-0.1968503937007874,2.3999999999999986,28.3,507,-1,7300,24-Nov-2022,0.0,0.0,0.0,3,0,1,8.56,0.0,0.0
31,2022-11-11 10:45:55,ULTRACEMCO,6875,-11.423220973782772,1.2000000000000028,29.1,473,-61,7400,24-Nov-2022,0.0,0.0,0.0,2,0,61,8.56,0.0,0.0
32,2022-11-11 10:45:55,ULTRACEMCO,6875,-5.016722408026756,0.10000000000000142,29.76,852,-45,7500,24-Nov-2022,0.0,0.0,0.0,10,0,45,8.56,852.0,0.0
33,2022-11-11 10:45:55,ULTRACEMCO,6875,5.2631578947368425,-0.25,31.13,340,17,7600,24-Nov-2022,0.0,0.0,0.0,0,0,-17,8.56,0.0,0.0
34,2022-11-11 10:45:55,ULTRACEMCO,6875,9.13978494623656,-0.5999999999999996,32.96,203,17,7700,24-Nov-2022,0.0,0.0,0.0,0,0,-17,8.56,0.0,0.0
35,2022-11-11 10:45:55,ULTRACEMCO,6875,-4.6875,-0.4500000000000002,34.82,183,-9,7800,24-Nov-2022,0.0,0.0,0.0,0,0,9,8.56,0.0,0.0
36,2022-11-11 10:45:55,ULTRACEMCO,6875,0.28169014084507044,-0.5,36.86,356,1,7900,24-Nov-2022,0.0,0.0,0.0,0,0,-1,8.56,0.0,0.0
37,2022-11-11 10:45:55,ULTRACEMCO,6875,7.920792079207921,-0.7499999999999996,37.92,109,8,8000,24-Nov-2022,0.0,0.0,0.0,0,0,-8,8.56,0.0,0.0
38,2022-11-11 10:45:55,ULTRACEMCO,6875,0.0,0.0,0.0,0,0,8100,24-Nov-2022,0.0,0.0,0.0,0,0,0,8.56,0.0,0.0
14,2022-11-11 10:48:51,ULTRACEMCO,6875,0.0,0.0,0.0,0,0,5700,24-Nov-2022,0.0,0.0,0.0,48,0,0,8.32,0.0,0.0
15,2022-11-11 10:48:51,ULTRACEMCO,6875,0.0,0.0,0.0,1,0,5800,24-Nov-2022,-2.027027027027027,-0.8999999999999999,42.58,145,-3,-3,8.32,0.0,0.0
16,2022-11-11 10:48:51,ULTRACEMCO,6875,0.0,0.0,0.0,0,0,5900,24-Nov-2022,-1.5151515151515151,-2.3000000000000003,39.71,65,-1,-1,8.32,0.0,0.0
17,2022-11-11 10:48:51,ULTRACEMCO,6875,0.0,97.70000000000005,65.87,96,0,6000,24-Nov-2022,-4.537205081669692,-1.9000000000000004,38.86,526,-25,-25,8.32,0.0,526.0
18,2022-11-11 10:48:51,ULTRACEMCO,6875,0.0,0.0,0.0,5,0,6100,24-Nov-2022,-7.346938775510204,-2.4499999999999993,36.05,227,-18,-18,8.32,0.0,0.0
19,2022-11-11 10:48:51,ULTRACEMCO,6875,0.0,0.0,0.0,37,0,6200,24-Nov-2022,-12.585812356979405,-3.4499999999999993,34.3,382,-55,-55,8.32,0.0,0.0
20,2022-11-11 10:48:51,ULTRACEMCO,6875,0.0,0.0,0.0,134,0,6300,24-Nov-2022,-3.1390134529147984,-5.149999999999999,32.01,432,-14,-14,8.32,0.0,0.0
21,2022-11-11 10:48:51,ULTRACEMCO,6875,0.0,57.950000000000045,36.13,111,0,6400,24-Nov-2022,-8.96414342629482,-7.700000000000003,30.14,457,-45,-45,8.32,0.0,0.0
22,2022-11-11 10:48:51,ULTRACEMCO,6875,0.0,0.0,0.0,188,0,6500,24-Nov-2022,5.389221556886228,-12.049999999999997,29.03,704,36,36,8.32,0.0,704.0
23,2022-11-11 10:48:51,ULTRACEMCO,6875,0.0,0.0,0.0,220,0,6600,24-Nov-2022,1.9920318725099602,-16.9,27.68,512,10,10,8.32,0.0,0.0
24,2022-11-11 10:48:51,ULTRACEMCO,6875,-0.823045267489712,48.04999999999998,30.53,241,-2,6700,24-Nov-2022,6.378986866791744,-24.200000000000003,26.67,567,34,36,8.32,0.0,567.0
25,2022-11-11 10:48:51,ULTRACEMCO,6875,-2.7681660899653977,31.200000000000017,29.02,281,-8,6800,24-Nov-2022,9.263657957244655,-31.099999999999994,26.01,460,39,47,8.32,0.0,0.0
26,2022-11-11 10:48:51,ULTRACEMCO,6875,7.504363001745201,26.25,28.96,616,43,6900,24-Nov-2022,30.601092896174862,-37.849999999999994,25.6,239,56,13,8.32,0.0,0.0
27,2022-11-11 10:48:51,ULTRACEMCO,6875,-4.5528455284552845,19.049999999999997,28.42,1761,-84,7000,24-Nov-2022,-6.489675516224189,-45.400000000000006,25.38,317,-22,62,8.32,1761.0,0.0
28,2022-11-11 10:48:51,ULTRACEMCO,6875,-7.629427792915531,11.400000000000006,28.1,678,-56,7100,24-Nov-2022,-2.272727272727273,-25.149999999999977,22.45,43,-1,55,8.32,0.0,0.0
29,2022-11-11 10:48:51,ULTRACEMCO,6875,-4.077010192525481,6.950000000000003,27.99,847,-36,7200,24-Nov-2022,0.0,0.0,0.0,6,0,36,8.32,847.0,0.0
30,2022-11-11 10:48:51,ULTRACEMCO,6875,-0.1968503937007874,3.1499999999999986,28.3,507,-1,7300,24-Nov-2022,0.0,0.0,0.0,3,0,1,8.32,0.0,0.0
31,2022-11-11 10:48:51,ULTRACEMCO,6875,-11.423220973782772,1.9000000000000021,29.1,473,-61,7400,24-Nov-2022,0.0,0.0,0.0,2,0,61,8.32,0.0,0.0
32,2022-11-11 10:48:51,ULTRACEMCO,6875,-5.016722408026756,0.05000000000000071,29.76,852,-45,7500,24-Nov-2022,0.0,0.0,0.0,10,0,45,8.32,852.0,0.0
33,2022-11-11 10:48:51,ULTRACEMCO,6875,5.2631578947368425,-0.3999999999999986,31.13,340,17,7600,24-Nov-2022,0.0,0.0,0.0,0,0,-17,8.32,0.0,0.0
34,2022-11-11 10:48:51,ULTRACEMCO,6875,8.602150537634408,-0.34999999999999964,32.96,202,16,7700,24-Nov-2022,0.0,0.0,0.0,0,0,-16,8.32,0.0,0.0
35,2022-11-11 10:48:51,ULTRACEMCO,6875,-4.6875,-0.20000000000000018,34.82,183,-9,7800,24-Nov-2022,0.0,0.0,0.0,0,0,9,8.32,0.0,0.0
36,2022-11-11 10:48:51,ULTRACEMCO,6875,0.28169014084507044,-0.5,36.86,356,1,7900,24-Nov-2022,0.0,0.0,0.0,0,0,-1,8.32,0.0,0.0
37,2022-11-11 10:48:51,ULTRACEMCO,6875,7.920792079207921,-0.7499999999999996,37.92,109,8,8000,24-Nov-2022,0.0,0.0,0.0,0,0,-8,8.32,0.0,0.0
38,2022-11-11 10:48:51,ULTRACEMCO,6875,0.0,0.0,0.0,0,0,8100,24-Nov-2022,0.0,0.0,0.0,0,0,0,8.32,0.0,0.0
14,2022-11-11 10:51:56,ULTRACEMCO,6875,0.0,0.0,0.0,0,0,5700,24-Nov-2022,0.0,0.0,0.0,48,0,0,2.88,0.0,0.0
15,2022-11-11 10:51:56,ULTRACEMCO,6875,0.0,0.0,0.0,1,0,5800,24-Nov-2022,-2.027027027027027,-0.8999999999999999,42.92,145,-3,-3,2.88,0.0,0.0
16,2022-11-11 10:51:56,ULTRACEMCO,6875,0.0,0.0,0.0,0,0,5900,24-Nov-2022,-1.5151515151515151,-2.3000000000000003,39.51,65,-1,-1,2.88,0.0,0.0
17,2022-11-11 10:51:56,ULTRACEMCO,6875,0.0,97.70000000000005,68.08,96,0,6000,24-Nov-2022,-7.6225045372050815,-1.9000000000000004,38.64,509,-42,-42,2.88,0.0,509.0
18,2022-11-11 10:51:56,ULTRACEMCO,6875,0.0,0.0,0.0,5,0,6100,24-Nov-2022,-7.346938775510204,-2.4499999999999993,36.55,227,-18,-18,2.88,0.0,0.0
19,2022-11-11 10:51:56,ULTRACEMCO,6875,0.0,0.0,0.0,37,0,6200,24-Nov-2022,-13.272311212814646,-3.4499999999999993,34.31,379,-58,-58,2.88,0.0,0.0
20,2022-11-11 10:51:56,ULTRACEMCO,6875,0.0,0.0,0.0,134,0,6300,24-Nov-2022,-2.0179372197309418,-4.949999999999999,32.44,437,-9,-9,2.88,0.0,0.0
21,2022-11-11 10:51:56,ULTRACEMCO,6875,0.0,57.950000000000045,38.16,111,0,6400,24-Nov-2022,-8.764940239043824,-7.300000000000001,30.58,458,-44,-44,2.88,0.0,0.0
22,2022-11-11 10:51:56,ULTRACEMCO,6875,0.0,0.0,0.0,188,0,6500,24-Nov-2022,3.7425149700598803,-11.299999999999997,29.17,693,25,25,2.88,0.0,693.0
23,2022-11-11 10:51:56,ULTRACEMCO,6875,0.0,0.0,0.0,220,0,6600,24-Nov-2022,0.5976095617529881,-16.9,28.05,505,3,3,2.88,0.0,0.0
24,2022-11-11 10:51:56,ULTRACEMCO,6875,-0.823045267489712,39.74999999999997,31.56,241,-2,6700,24-Nov-2022,7.5046904315197,-22.549999999999997,27.0,573,40,42,2.88,0.0,573.0
25,2022-11-11 10:51:56,ULTRACEMCO,6875,-2.422145328719723,29.150000000000006,28.63,282,-7,6800,24-Nov-2022,6.175771971496437,-28.799999999999997,26.41,447,26,33,2.88,0.0,0.0
26,2022-11-11 10:51:56,ULTRACEMCO,6875,10.645724258289704,21.849999999999994,28.86,634,61,6900,24-Nov-2022,27.868852459016395,-34.349999999999994,25.8,234,51,-10,2.88,0.0,0.0
27,2022-11-11 10:51:56,ULTRACEMCO,6875,-3.6856368563685638,15.849999999999994,28.85,1777,-68,7000,24-Nov-2022,-6.489675516224189,-45.05000000000001,26.33,317,-22,46,2.88,1777.0,0.0
28,2022-11-11 10:51:56,ULTRACEMCO,6875,-8.446866485013624,9.700000000000003,28.5,672,-62,7100,24-Nov-2022,-2.272727272727273,-25.149999999999977,21.27,43,-1,61,2.88,0.0,0.0
29,2022-11-11 10:51:56,ULTRACEMCO,6875,0.0,6.0,28.47,883,0,7200,24-Nov-2022,0.0,0.0,0.0,6,0,0,2.88,883.0,0.0
30,2022-11-11 10:51:56,ULTRACEMCO,6875,0.3937007874015748,3.3999999999999986,28.79,510,2,7300,24-Nov-2022,0.0,0.0,0.0,3,0,-2,2.88,0.0,0.0
31,2022-11-11 10:51:56,ULTRACEMCO,6875,-9.363295880149813,1.6500000000000021,29.27,484,-50,7400,24-Nov-2022,0.0,0.0,0.0,2,0,50,2.88,0.0,0.0
32,2022-11-11 10:51:56,ULTRACEMCO,6875,-2.898550724637681,0.9500000000000011,30.27,871,-26,7500,24-Nov-2022,0.0,0.0,0.0,10,0,26,2.88,871.0,0.0
33,2022-11-11 10:51:56,ULTRACEMCO,6875,4.953560371517028,0.15000000000000036,31.52,339,16,7600,24-Nov-2022,0.0,0.0,0.0,0,0,-16,2.88,0.0,0.0
34,2022-11-11 10:51:56,ULTRACEMCO,6875,7.526881720430108,-0.34999999999999964,32.98,200,14,7700,24-Nov-2022,0.0,0.0,0.0,0,0,-14,2.88,0.0,0.0
35,2022-11-11 10:51:56,ULTRACEMCO,6875,-3.125,-0.20000000000000018,34.94,186,-6,7800,24-Nov-2022,0.0,0.0,0.0,0,0,6,2.88,0.0,0.0
36,2022-11-11 10:51:56,ULTRACEMCO,6875,-1.408450704225352,-0.34999999999999964,36.97,350,-5,7900,24-Nov-2022,0.0,0.0,0.0,0,0,5,2.88,0.0,0.0
37,2022-11-11 10:51:56,ULTRACEMCO,6875,7.920792079207921,-0.7499999999999996,38.13,109,8,8000,24-Nov-2022,0.0,0.0,0.0,0,0,-8,2.88,0.0,0.0
38,2022-11-11 10:51:56,ULTRACEMCO,6875,0.0,0.0,0.0,0,0,8100,24-Nov-2022,0.0,0.0,0.0,0,0,0,2.88,0.0,0.0
14,2022-11-11 10:54:51,ULTRACEMCO,6875,0.0,0.0,0.0,0,0,5700,24-Nov-2022,0.0,0.0,0.0,48,0,0,1.36,0.0,0.0
15,2022-11-11 10:54:51,ULTRACEMCO,6875,0.0,0.0,0.0,1,0,5800,24-Nov-2022,-2.027027027027027,-0.8999999999999999,42.92,145,-3,-3,1.36,0.0,0.0
16,2022-11-11 10:54:51,ULTRACEMCO,6875,0.0,0.0,0.0,0,0,5900,24-Nov-2022,-1.5151515151515151,-1.5000000000000004,39.51,65,-1,-1,1.36,0.0,0.0
17,2022-11-11 10:54:51,ULTRACEMCO,6875,0.0,97.70000000000005,68.08,96,0,6000,24-Nov-2022,-7.985480943738657,-1.9000000000000004,38.64,507,-44,-44,1.36,0.0,0.0
18,2022-11-11 10:54:51,ULTRACEMCO,6875,0.0,0.0,0.0,5,0,6100,24-Nov-2022,-7.346938775510204,-2.55,36.55,227,-18,-18,1.36,0.0,0.0
19,2022-11-11 10:54:51,ULTRACEMCO,6875,0.0,0.0,0.0,37,0,6200,24-Nov-2022,-13.729977116704806,-3.25,34.31,377,-60,-60,1.36,0.0,0.0
20,2022-11-11 10:54:51,ULTRACEMCO,6875,0.0,0.0,0.0,134,0,6300,24-Nov-2022,-1.7937219730941705,-4.6,32.44,438,-8,-8,1.36,0.0,0.0
21,2022-11-11 10:54:51,ULTRACEMCO,6875,0.0,57.950000000000045,38.16,111,0,6400,24-Nov-2022,-6.374501992031872,-7.150000000000002,30.58,470,-32,-32,1.36,0.0,0.0
22,2022-11-11 10:54:51,ULTRACEMCO,6875,0.0,0.0,0.0,188,0,6500,24-Nov-2022,3.44311377245509,-10.449999999999996,29.17,691,23,23,1.36,0.0,691.0
23,2022-11-11 10:54:51,ULTRACEMCO,6875,0.0,0.0,0.0,220,0,6600,24-Nov-2022,1.3944223107569722,-15.899999999999999,28.05,509,7,7,1.36,0.0,509.0
24,2022-11-11 10:54:51,ULTRACEMCO,6875,-0.823045267489712,39.74999999999997,31.56,241,-2,6700,24-Nov-2022,7.5046904315197,-20.650000000000006,27.0,573,40,42,1.36,0.0,573.0
25,2022-11-11 10:54:51,ULTRACEMCO,6875,-2.422145328719723,26.150000000000006,28.63,282,-7,6800,24-Nov-2022,6.175771971496437,-26.599999999999994,26.41,447,26,33,1.36,0.0,0.0
26,2022-11-11 10:54:51,ULTRACEMCO,6875,11.169284467713787,20.05000000000001,28.86,637,64,6900,24-Nov-2022,30.05464480874317,-33.29999999999998,25.8,238,55,-9,1.36,0.0,0.0
27,2022-11-11 10:54:51,ULTRACEMCO,6875,-0.7588075880758808,16.099999999999994,28.85,1831,-14,7000,24-Nov-2022,-6.489675516224189,-39.70000000000002,26.33,317,-22,-8,1.36,1831.0,0.0
28,2022-11-11 10:54:51,ULTRACEMCO,6875,-8.85558583106267,9.0,28.5,669,-65,7100,24-Nov-2022,-2.272727272727273,-25.149999999999977,21.27,43,-1,64,1.36,0.0,0.0
29,2022-11-11 10:54:51,ULTRACEMCO,6875,0.0,5.399999999999999,28.47,883,0,7200,24-Nov-2022,0.0,0.0,0.0,6,0,0,1.36,883.0,0.0
30,2022-11-11 10:54:51,ULTRACEMCO,6875,0.3937007874015748,3.1499999999999986,28.79,510,2,7300,24-Nov-2022,0.0,0.0,0.0,3,0,-2,1.36,0.0,0.0
31,2022-11-11 10:54:51,ULTRACEMCO,6875,-9.363295880149813,1.4000000000000021,29.27,484,-50,7400,24-Nov-2022,0.0,0.0,0.0,2,0,50,1.36,0.0,0.0
32,2022-11-11 10:54:51,ULTRACEMCO,6875,-2.898550724637681,0.40000000000000036,30.27,871,-26,7500,24-Nov-2022,0.0,0.0,0.0,10,0,26,1.36,871.0,0.0
33,2022-11-11 10:54:51,ULTRACEMCO,6875,4.953560371517028,0.05000000000000071,31.52,339,16,7600,24-Nov-2022,0.0,0.0,0.0,0,0,-16,1.36,0.0,0.0
34,2022-11-11 10:54:51,ULTRACEMCO,6875,6.989247311827957,-0.34999999999999964,32.98,199,13,7700,24-Nov-2022,0.0,0.0,0.0,0,0,-13,1.36,0.0,0.0
35,2022-11-11 10:54:51,ULTRACEMCO,6875,-3.125,-0.09999999999999964,34.94,186,-6,7800,24-Nov-2022,0.0,0.0,0.0,0,0,6,1.36,0.0,0.0
36,2022-11-11 10:54:51,ULTRACEMCO,6875,-1.408450704225352,-0.4500000000000002,36.97,350,-5,7900,24-Nov-2022,0.0,0.0,0.0,0,0,5,1.36,0.0,0.0
37,2022-11-11 10:54:51,ULTRACEMCO,6875,7.920792079207921,-0.7499999999999996,38.13,109,8,8000,24-Nov-2022,0.0,0.0,0.0,0,0,-8,1.36,0.0,0.0
38,2022-11-11 10:54:51,ULTRACEMCO,6875,0.0,0.0,0.0,0,0,8100,24-Nov-2022,0.0,0.0,0.0,0,0,0,1.36,0.0,0.0
14,2022-11-11 10:57:41,ULTRACEMCO,6875,0.0,0.0,0.0,0,0,5700,24-Nov-2022,0.0,0.0,0.0,48,0,0,-1.08,0.0,0.0
15,2022-11-11 10:57:41,ULTRACEMCO,6875,0.0,0.0,0.0,1,0,5800,24-Nov-2022,-2.027027027027027,-0.75,42.92,145,-3,-3,-1.08,0.0,0.0
16,2022-11-11 10:57:41,ULTRACEMCO,6875,0.0,0.0,0.0,0,0,5900,24-Nov-2022,-1.5151515151515151,-1.5000000000000004,39.51,65,-1,-1,-1.08,0.0,0.0
17,2022-11-11 10:57:41,ULTRACEMCO,6875,0.0,97.70000000000005,68.08,96,0,6000,24-Nov-2022,-9.98185117967332,-1.8000000000000007,38.64,496,-55,-55,-1.08,0.0,0.0
18,2022-11-11 10:57:41,ULTRACEMCO,6875,0.0,0.0,0.0,5,0,6100,24-Nov-2022,-7.755102040816326,-2.1999999999999993,36.55,226,-19,-19,-1.08,0.0,0.0
19,2022-11-11 10:57:41,ULTRACEMCO,6875,0.0,0.0,0.0,37,0,6200,24-Nov-2022,-13.043478260869565,-2.799999999999999,34.31,380,-57,-57,-1.08,0.0,0.0
20,2022-11-11 10:57:41,ULTRACEMCO,6875,0.0,0.0,0.0,134,0,6300,24-Nov-2022,-1.5695067264573992,-4.1,32.44,439,-7,-7,-1.08,0.0,0.0
21,2022-11-11 10:57:41,ULTRACEMCO,6875,0.0,36.19999999999999,38.16,111,0,6400,24-Nov-2022,-5.9760956175298805,-5.700000000000003,30.58,472,-30,-30,-1.08,0.0,0.0
22,2022-11-11 10:57:41,ULTRACEMCO,6875,0.0,0.0,0.0,188,0,6500,24-Nov-2022,3.44311377245509,-9.149999999999999,29.17,691,23,23,-1.08,0.0,691.0
23,2022-11-11 10:57:41,ULTRACEMCO,6875,0.0,0.0,0.0,220,0,6600,24-Nov-2022,1.3944223107569722,-12.850000000000001,28.05,509,7,7,-1.08,0.0,509.0
24,2022-11-11 10:57:41,ULTRACEMCO,6875,-0.823045267489712,26.49999999999997,31.56,241,-2,6700,24-Nov-2022,8.067542213883677,-18.700000000000003,27.0,576,43,45,-1.08,0.0,576.0
25,2022-11-11 10:57:41,ULTRACEMCO,6875,3.114186851211073,21.849999999999994,28.63,298,9,6800,24-Nov-2022,4.513064133016627,-21.64999999999999,26.41,440,19,10,-1.08,0.0,0.0
26,2022-11-11 10:57:41,ULTRACEMCO,6875,11.69284467713787,16.849999999999994,28.86,640,67,6900,24-Nov-2022,31.147540983606557,-27.349999999999994,25.8,240,57,-10,-1.08,0.0,0.0
27,2022-11-11 10:57:41,ULTRACEMCO,6875,0.10840108401084012,11.099999999999994,28.85,1847,2,7000,24-Nov-2022,-6.489675516224189,-33.05000000000001,26.33,317,-22,-24,-1.08,1847.0,0.0
28,2022-11-11 10:57:41,ULTRACEMCO,6875,-7.901907356948229,7.3500000000000085,28.5,676,-58,7100,24-Nov-2022,-2.272727272727273,-25.149999999999977,21.27,43,-1,57,-1.08,0.0,0.0
29,2022-11-11 10:57:41,ULTRACEMCO,6875,0.0,3.950000000000003,28.47,883,0,7200,24-Nov-2022,0.0,0.0,0.0,6,0,0,-1.08,883.0,0.0
30,2022-11-11 10:57:41,ULTRACEMCO,6875,0.5905511811023622,1.8999999999999986,28.79,511,3,7300,24-Nov-2022,0.0,0.0,0.0,3,0,-3,-1.08,0.0,0.0
31,2022-11-11 10:57:41,ULTRACEMCO,6875,-8.614232209737828,0.8000000000000007,29.27,488,-46,7400,24-Nov-2022,0.0,0.0,0.0,2,0,46,-1.08,0.0,0.0
32,2022-11-11 10:57:41,ULTRACEMCO,6875,-2.787068004459309,-0.34999999999999964,30.27,872,-25,7500,24-Nov-2022,0.0,0.0,0.0,10,0,25,-1.08,872.0,0.0
33,2022-11-11 10:57:41,ULTRACEMCO,6875,5.2631578947368425,-0.14999999999999858,31.52,340,17,7600,24-Nov-2022,0.0,0.0,0.0,0,0,-17,-1.08,0.0,0.0
34,2022-11-11 10:57:41,ULTRACEMCO,6875,10.21505376344086,-0.5,32.98,205,19,7700,24-Nov-2022,0.0,0.0,0.0,0,0,-19,-1.08,0.0,0.0
35,2022-11-11 10:57:41,ULTRACEMCO,6875,-3.6458333333333335,-0.5,34.94,185,-7,7800,24-Nov-2022,0.0,0.0,0.0,0,0,7,-1.08,0.0,0.0
36,2022-11-11 10:57:41,ULTRACEMCO,6875,-1.6901408450704225,-0.5499999999999998,36.97,349,-6,7900,24-Nov-2022,0.0,0.0,0.0,0,0,6,-1.08,0.0,0.0
37,2022-11-11 10:57:41,ULTRACEMCO,6875,7.920792079207921,-0.7499999999999996,38.13,109,8,8000,24-Nov-2022,0.0,0.0,0.0,0,0,-8,-1.08,0.0,0.0
38,2022-11-11 10:57:41,ULTRACEMCO,6875,0.0,0.0,0.0,0,0,8100,24-Nov-2022,0.0,0.0,0.0,0,0,0,-1.08,0.0,0.0
13,2022-11-11 11:00:49,ULTRACEMCO,6850,0.0,0.0,0.0,0,0,5600,24-Nov-2022,0.0,0.0,0.0,12,0,0,-1.12,0.0,0.0
14,2022-11-11 11:00:49,ULTRACEMCO,6850,0.0,0.0,0.0,0,0,5700,24-Nov-2022,0.0,0.0,0.0,48,0,0,-1.12,0.0,0.0
15,2022-11-11 11:00:49,ULTRACEMCO,6850,0.0,0.0,0.0,1,0,5800,24-Nov-2022,-2.027027027027027,-0.75,42.92,145,-3,-3,-1.12,0.0,0.0
16,2022-11-11 11:00:49,ULTRACEMCO,6850,0.0,0.0,0.0,0,0,5900,24-Nov-2022,-1.5151515151515151,-1.5000000000000004,39.51,65,-1,-1,-1.12,0.0,0.0
17,2022-11-11 11:00:49,ULTRACEMCO,6850,0.0,97.70000000000005,68.08,96,0,6000,24-Nov-2022,-9.98185117967332,-2.0500000000000007,38.64,496,-55,-55,-1.12,0.0,0.0
18,2022-11-11 11:00:49,ULTRACEMCO,6850,0.0,0.0,0.0,5,0,6100,24-Nov-2022,-8.16326530612245,-2.1999999999999993,36.55,225,-20,-20,-1.12,0.0,0.0
19,2022-11-11 11:00:49,ULTRACEMCO,6850,0.0,0.0,0.0,37,0,6200,24-Nov-2022,-13.043478260869565,-3.6500000000000004,34.31,380,-57,-57,-1.12,0.0,0.0
20,2022-11-11 11:00:49,ULTRACEMCO,6850,0.0,0.0,0.0,134,0,6300,24-Nov-2022,-1.5695067264573992,-5.1,32.44,439,-7,-7,-1.12,0.0,0.0
21,2022-11-11 11:00:49,ULTRACEMCO,6850,0.0,36.19999999999999,38.16,111,0,6400,24-Nov-2022,-5.9760956175298805,-7.150000000000002,30.58,472,-30,-30,-1.12,0.0,0.0
22,2022-11-11 11:00:49,ULTRACEMCO,6850,0.0,0.0,0.0,188,0,6500,24-Nov-2022,3.44311377245509,-9.749999999999996,29.17,691,23,23,-1.12,0.0,691.0
23,2022-11-11 11:00:49,ULTRACEMCO,6850,0.0,0.0,0.0,220,0,6600,24-Nov-2022,1.3944223107569722,-14.75,28.05,509,7,7,-1.12,0.0,509.0
24,2022-11-11 11:00:49,ULTRACEMCO,6850,-0.823045267489712,26.49999999999997,31.56,241,-2,6700,24-Nov-2022,8.067542213883677,-20.799999999999997,27.0,576,43,45,-1.12,0.0,576.0
25,2022-11-11 11:00:49,ULTRACEMCO,6850,3.114186851211073,22.950000000000017,28.63,298,9,6800,24-Nov-2022,4.513064133016627,-26.14999999999999,26.41,440,19,10,-1.12,0.0,0.0
26,2022-11-11 11:00:49,ULTRACEMCO,6850,11.69284467713787,21.25,28.86,640,67,6900,24-Nov-2022,31.147540983606557,-33.0,25.8,240,57,-10,-1.12,0.0,0.0
27,2022-11-11 11:00:49,ULTRACEMCO,6850,0.10840108401084012,15.200000000000003,28.85,1847,2,7000,24-Nov-2022,-6.489675516224189,-33.05000000000001,26.33,317,-22,-24,-1.12,1847.0,0.0
28,2022-11-11 11:00:49,ULTRACEMCO,6850,-7.901907356948229,8.150000000000006,28.5,676,-58,7100,24-Nov-2022,-2.272727272727273,-25.149999999999977,21.27,43,-1,57,-1.12,0.0,0.0
29,2022-11-11 11:00:49,ULTRACEMCO,6850,0.0,5.5,28.47,883,0,7200,24-Nov-2022,0.0,0.0,0.0,6,0,0,-1.12,883.0,0.0
30,2022-11-11 11:00:49,ULTRACEMCO,6850,0.5905511811023622,3.25,28.79,511,3,7300,24-Nov-2022,0.0,0.0,0.0,3,0,-3,-1.12,0.0,0.0
31,2022-11-11 11:00:49,ULTRACEMCO,6850,-8.614232209737828,1.3000000000000007,29.27,488,-46,7400,24-Nov-2022,0.0,0.0,0.0,2,0,46,-1.12,0.0,0.0
32,2022-11-11 11:00:49,ULTRACEMCO,6850,-2.787068004459309,0.5,30.27,872,-25,7500,24-Nov-2022,0.0,0.0,0.0,10,0,25,-1.12,872.0,0.0
33,2022-11-11 11:00:49,ULTRACEMCO,6850,5.2631578947368425,0.3000000000000007,31.52,340,17,7600,24-Nov-2022,0.0,0.0,0.0,0,0,-17,-1.12,0.0,0.0
34,2022-11-11 11:00:49,ULTRACEMCO,6850,10.21505376344086,-0.5,32.98,205,19,7700,24-Nov-2022,0.0,0.0,0.0,0,0,-19,-1.12,0.0,0.0
35,2022-11-11 11:00:49,ULTRACEMCO,6850,-3.6458333333333335,-0.20000000000000018,34.94,185,-7,7800,24-Nov-2022,0.0,0.0,0.0,0,0,7,-1.12,0.0,0.0
36,2022-11-11 11:00:49,ULTRACEMCO,6850,-1.6901408450704225,-0.5499999999999998,36.97,349,-6,7900,24-Nov-2022,0.0,0.0,0.0,0,0,6,-1.12,0.0,0.0
37,2022-11-11 11:00:49,ULTRACEMCO,6850,7.920792079207921,-0.39999999999999947,38.13,109,8,8000,24-Nov-2022,0.0,0.0,0.0,0,0,-8,-1.12,0.0,0.0
13,2022-11-11 14:36:50,ULTRACEMCO,6825,0.0,0.0,0.0,0,0,5600,24-Nov-2022,0.0,0.0,0.0,12,0,0,-20.16,0.0,0.0
14,2022-11-11 14:36:50,ULTRACEMCO,6825,0.0,0.0,0.0,0,0,5700,24-Nov-2022,0.0,0.0,0.0,48,0,0,-20.16,0.0,0.0
15,2022-11-11 14:36:50,ULTRACEMCO,6825,0.0,0.0,0.0,1,0,5800,24-Nov-2022,-14.18918918918919,-0.7000000000000002,41.37,127,-21,-21,-20.16,0.0,0.0
16,2022-11-11 14:36:50,ULTRACEMCO,6825,0.0,0.0,0.0,0,0,5900,24-Nov-2022,-1.5151515151515151,-1.1000000000000005,39.48,65,-1,-1,-20.16,0.0,0.0
17,2022-11-11 14:36:50,ULTRACEMCO,6825,-28.125,-10.149999999999977,44.28,69,-27,6000,24-Nov-2022,-8.892921960072595,-0.7000000000000002,36.58,502,-49,-22,-20.16,0.0,502.0
18,2022-11-11 14:36:50,ULTRACEMCO,6825,0.0,0.0,0.0,5,0,6100,24-Nov-2022,-6.530612244897959,-1.049999999999999,34.65,229,-16,-16,-20.16,0.0,0.0
19,2022-11-11 14:36:50,ULTRACEMCO,6825,0.0,-53.35000000000002,28.72,37,0,6200,24-Nov-2022,-22.88329519450801,-1.6999999999999993,32.78,337,-100,-100,-20.16,0.0,0.0
20,2022-11-11 14:36:50,ULTRACEMCO,6825,0.0,0.0,0.0,134,0,6300,24-Nov-2022,-4.932735426008969,-2.5999999999999996,30.74,424,-22,-22,-20.16,0.0,0.0
21,2022-11-11 14:36:50,ULTRACEMCO,6825,0.0,36.19999999999999,47.14,111,0,6400,24-Nov-2022,-8.167330677290837,-3.900000000000002,28.98,461,-41,-41,-20.16,0.0,0.0
22,2022-11-11 14:36:50,ULTRACEMCO,6825,-10.638297872340425,-26.450000000000045,26.42,168,-20,6500,24-Nov-2022,-0.1497005988023952,-6.199999999999996,27.55,667,-1,19,-20.16,0.0,667.0
23,2022-11-11 14:36:50,ULTRACEMCO,6825,-0.45454545454545453,-5.350000000000023,30.37,219,-1,6600,24-Nov-2022,0.0,-7.699999999999996,26.6,502,0,1,-20.16,0.0,0.0
24,2022-11-11 14:36:50,ULTRACEMCO,6825,-2.05761316872428,-5.400000000000006,28.85,238,-5,6700,24-Nov-2022,-1.125703564727955,-9.75,25.93,527,-6,-1,-20.16,0.0,527.0
25,2022-11-11 14:36:50,ULTRACEMCO,6825,12.456747404844291,-7.349999999999994,28.22,325,36,6800,24-Nov-2022,3.0878859857482186,-10.450000000000003,25.16,434,13,-23,-20.16,0.0,0.0
26,2022-11-11 14:36:50,ULTRACEMCO,6825,14.31064572425829,-5.950000000000003,28.31,655,82,6900,24-Nov-2022,26.775956284153004,-9.199999999999989,25.4,232,49,-33,-20.16,0.0,0.0
27,2022-11-11 14:36:50,ULTRACEMCO,6825,8.238482384823849,-4.950000000000003,28.53,1997,152,7000,24-Nov-2022,-8.849557522123893,-4.050000000000011,26.17,309,-30,-182,-20.16,1997.0,0.0
28,2022-11-11 14:36:50,ULTRACEMCO,6825,0.4087193460490463,-4.899999999999999,28.61,737,3,7100,24-Nov-2022,-9.090909090909092,47.85000000000002,27.44,40,-4,-7,-20.16,0.0,0.0
29,2022-11-11 14:36:50,ULTRACEMCO,6825,10.079275198187995,-4.149999999999999,28.77,972,89,7200,24-Nov-2022,0.0,0.0,17.47,6,0,-89,-20.16,972.0,0.0
30,2022-11-11 14:36:50,ULTRACEMCO,6825,6.889763779527559,-2.650000000000002,29.31,543,35,7300,24-Nov-2022,0.0,0.0,0.0,3,0,-35,-20.16,0.0,0.0
31,2022-11-11 14:36:50,ULTRACEMCO,6825,-3.5580524344569286,-1.3999999999999986,30.32,515,-19,7400,24-Nov-2022,0.0,0.0,0.0,2,0,19,-20.16,0.0,0.0
32,2022-11-11 14:36:50,ULTRACEMCO,6825,-8.02675585284281,-1.25,31.38,825,-72,7500,24-Nov-2022,0.0,0.0,0.0,10,0,72,-20.16,825.0,0.0
33,2022-11-11 14:36:50,ULTRACEMCO,6825,1.5479876160990713,-0.8999999999999986,32.82,328,5,7600,24-Nov-2022,0.0,0.0,0.0,0,0,-5,-20.16,0.0,0.0
34,2022-11-11 14:36:50,ULTRACEMCO,6825,1.6129032258064515,-0.6499999999999995,34.98,189,3,7700,24-Nov-2022,0.0,0.0,0.0,0,0,-3,-20.16,0.0,0.0
35,2022-11-11 14:36:50,ULTRACEMCO,6825,19.791666666666668,-0.39999999999999947,36.98,230,38,7800,24-Nov-2022,0.0,0.0,0.0,0,0,-38,-20.16,0.0,0.0
36,2022-11-11 14:36:50,ULTRACEMCO,6825,-9.014084507042254,-0.5,39.29,323,-32,7900,24-Nov-2022,0.0,0.0,0.0,0,0,32,-20.16,0.0,0.0
37,2022-11-11 14:36:50,ULTRACEMCO,6825,7.920792079207921,-0.2999999999999998,40.86,109,8,8000,24-Nov-2022,0.0,0.0,0.0,0,0,-8,-20.16,0.0,0.0
13,2022-11-11 14:40:00,ULTRACEMCO,6825,0.0,0.0,0.0,0,0,5600,24-Nov-2022,0.0,0.0,0.0,12,0,0,-19.72,0.0,0.0
14,2022-11-11 14:40:00,ULTRACEMCO,6825,0.0,0.0,0.0,0,0,5700,24-Nov-2022,0.0,0.0,0.0,48,0,0,-19.72,0.0,0.0
15,2022-11-11 14:40:00,ULTRACEMCO,6825,0.0,0.0,0.0,1,0,5800,24-Nov-2022,-14.18918918918919,-0.7000000000000002,41.37,127,-21,-21,-19.72,0.0,0.0
16,2022-11-11 14:40:00,ULTRACEMCO,6825,0.0,0.0,0.0,0,0,5900,24-Nov-2022,-1.5151515151515151,-1.1000000000000005,39.48,65,-1,-1,-19.72,0.0,0.0
17,2022-11-11 14:40:00,ULTRACEMCO,6825,-28.125,-10.149999999999977,44.28,69,-27,6000,24-Nov-2022,-8.892921960072595,-0.7000000000000002,36.58,502,-49,-22,-19.72,0.0,502.0
18,2022-11-11 14:40:00,ULTRACEMCO,6825,0.0,0.0,0.0,5,0,6100,24-Nov-2022,-8.979591836734693,-1.25,34.65,223,-22,-22,-19.72,0.0,0.0
19,2022-11-11 14:40:00,ULTRACEMCO,6825,0.0,-53.35000000000002,28.72,37,0,6200,24-Nov-2022,-22.88329519450801,-1.6999999999999993,32.78,337,-100,-100,-19.72,0.0,0.0
20,2022-11-11 14:40:00,ULTRACEMCO,6825,0.0,0.0,0.0,134,0,6300,24-Nov-2022,-3.1390134529147984,-2.799999999999999,30.74,432,-14,-14,-19.72,0.0,0.0
21,2022-11-11 14:40:00,ULTRACEMCO,6825,0.0,36.19999999999999,47.14,111,0,6400,24-Nov-2022,-8.167330677290837,-4.550000000000001,28.98,461,-41,-41,-19.72,0.0,0.0
22,2022-11-11 14:40:00,ULTRACEMCO,6825,-10.638297872340425,-26.450000000000045,26.42,168,-20,6500,24-Nov-2022,-0.1497005988023952,-6.599999999999998,27.55,667,-1,19,-19.72,0.0,667.0
23,2022-11-11 14:40:00,ULTRACEMCO,6825,-0.45454545454545453,-5.350000000000023,30.37,219,-1,6600,24-Nov-2022,-0.398406374501992,-8.199999999999996,26.6,500,-2,-1,-19.72,0.0,0.0
24,2022-11-11 14:40:00,ULTRACEMCO,6825,-2.05761316872428,-5.400000000000006,28.85,238,-5,6700,24-Nov-2022,-0.7504690431519699,-9.75,25.93,529,-4,1,-19.72,0.0,529.0
25,2022-11-11 14:40:00,ULTRACEMCO,6825,12.110726643598616,-7.099999999999994,28.22,324,35,6800,24-Nov-2022,2.6128266033254155,-11.950000000000003,25.16,432,11,-24,-19.72,0.0,0.0
26,2022-11-11 14:40:00,ULTRACEMCO,6825,13.787085514834207,-6.75,28.31,652,79,6900,24-Nov-2022,26.229508196721312,-11.199999999999989,25.4,231,48,-31,-19.72,0.0,0.0
27,2022-11-11 14:40:00,ULTRACEMCO,6825,8.130081300813009,-4.950000000000003,28.53,1995,150,7000,24-Nov-2022,-8.849557522123893,-4.050000000000011,26.17,309,-30,-180,-19.72,1995.0,0.0
28,2022-11-11 14:40:00,ULTRACEMCO,6825,0.0,-5.199999999999996,28.61,734,0,7100,24-Nov-2022,-9.090909090909092,47.85000000000002,27.44,40,-4,-4,-19.72,0.0,0.0
29,2022-11-11 14:40:00,ULTRACEMCO,6825,9.85277463193658,-4.350000000000001,28.77,970,87,7200,24-Nov-2022,0.0,0.0,17.47,6,0,-87,-19.72,970.0,0.0
30,2022-11-11 14:40:00,ULTRACEMCO,6825,6.692913385826771,-2.650000000000002,29.31,542,34,7300,24-Nov-2022,0.0,0.0,0.0,3,0,-34,-19.72,0.0,0.0
31,2022-11-11 14:40:00,ULTRACEMCO,6825,-3.5580524344569286,-1.6499999999999986,30.32,515,-19,7400,24-Nov-2022,0.0,0.0,0.0,2,0,19,-19.72,0.0,0.0
32,2022-11-11 14:40:00,ULTRACEMCO,6825,-8.02675585284281,-1.25,31.38,825,-72,7500,24-Nov-2022,0.0,0.0,0.0,10,0,72,-19.72,825.0,0.0
33,2022-11-11 14:40:00,ULTRACEMCO,6825,1.5479876160990713,-0.7999999999999989,32.82,328,5,7600,24-Nov-2022,0.0,0.0,0.0,0,0,-5,-19.72,0.0,0.0
34,2022-11-11 14:40:00,ULTRACEMCO,6825,1.6129032258064515,-0.6499999999999995,34.98,189,3,7700,24-Nov-2022,0.0,0.0,0.0,0,0,-3,-19.72,0.0,0.0
35,2022-11-11 14:40:00,ULTRACEMCO,6825,19.791666666666668,-0.39999999999999947,36.98,230,38,7800,24-Nov-2022,0.0,0.0,0.0,0,0,-38,-19.72,0.0,0.0
36,2022-11-11 14:40:00,ULTRACEMCO,6825,-9.014084507042254,-0.5,39.29,323,-32,7900,24-Nov-2022,0.0,0.0,0.0,0,0,32,-19.72,0.0,0.0
37,2022-11-11 14:40:00,ULTRACEMCO,6825,7.920792079207921,-0.2999999999999998,40.86,109,8,8000,24-Nov-2022,0.0,0.0,0.0,0,0,-8,-19.72,0.0,0.0
13,2022-11-11 14:42:45,ULTRACEMCO,6825,0.0,0.0,0.0,0,0,5600,24-Nov-2022,0.0,0.0,0.0,12,0,0,-20.08,0.0,0.0
14,2022-11-11 14:42:45,ULTRACEMCO,6825,0.0,0.0,0.0,0,0,5700,24-Nov-2022,0.0,0.0,0.0,48,0,0,-20.08,0.0,0.0
15,2022-11-11 14:42:45,ULTRACEMCO,6825,0.0,0.0,0.0,1,0,5800,24-Nov-2022,-14.18918918918919,-0.7000000000000002,41.37,127,-21,-21,-20.08,0.0,0.0
16,2022-11-11 14:42:45,ULTRACEMCO,6825,0.0,0.0,0.0,0,0,5900,24-Nov-2022,-1.5151515151515151,-1.1000000000000005,39.48,65,-1,-1,-20.08,0.0,0.0
17,2022-11-11 14:42:45,ULTRACEMCO,6825,-28.125,-10.149999999999977,44.35,69,-27,6000,24-Nov-2022,-8.892921960072595,-0.7000000000000002,37.91,502,-49,-22,-20.08,0.0,502.0
18,2022-11-11 14:42:45,ULTRACEMCO,6825,0.0,0.0,0.0,5,0,6100,24-Nov-2022,-8.16326530612245,-1.25,35.41,225,-20,-20,-20.08,0.0,0.0
19,2022-11-11 14:42:45,ULTRACEMCO,6825,0.0,-53.35000000000002,28.82,37,0,6200,24-Nov-2022,-22.19679633867277,-1.9000000000000004,33.3,340,-97,-97,-20.08,0.0,0.0
20,2022-11-11 14:42:45,ULTRACEMCO,6825,0.0,0.0,0.0,134,0,6300,24-Nov-2022,-3.1390134529147984,-3.1499999999999986,31.19,432,-14,-14,-20.08,0.0,0.0
21,2022-11-11 14:42:45,ULTRACEMCO,6825,0.0,36.19999999999999,47.16,111,0,6400,24-Nov-2022,-8.96414342629482,-5.200000000000003,29.49,457,-45,-45,-20.08,0.0,0.0
22,2022-11-11 14:42:45,ULTRACEMCO,6825,-10.638297872340425,-26.450000000000045,26.45,168,-20,6500,24-Nov-2022,-0.4491017964071856,-6.849999999999998,27.84,665,-3,17,-20.08,0.0,665.0
23,2022-11-11 14:42:45,ULTRACEMCO,6825,-0.45454545454545453,-5.350000000000023,30.39,219,-1,6600,24-Nov-2022,0.0,-10.199999999999996,26.67,502,0,1,-20.08,0.0,0.0
24,2022-11-11 14:42:45,ULTRACEMCO,6825,-2.05761316872428,-0.4000000000000057,29.29,238,-5,6700,24-Nov-2022,-0.9380863039399625,-12.900000000000006,25.89,528,-5,0,-20.08,0.0,528.0
25,2022-11-11 14:42:45,ULTRACEMCO,6825,11.418685121107266,-4.599999999999994,28.37,322,33,6800,24-Nov-2022,2.375296912114014,-14.200000000000003,24.9,431,10,-23,-20.08,0.0,0.0
26,2022-11-11 14:42:45,ULTRACEMCO,6825,13.612565445026178,-6.299999999999997,28.23,651,78,6900,24-Nov-2022,26.229508196721312,-14.099999999999994,25.19,231,48,-30,-20.08,0.0,0.0
27,2022-11-11 14:42:45,ULTRACEMCO,6825,8.184281842818429,-4.8500000000000085,28.56,1996,151,7000,24-Nov-2022,-8.849557522123893,-13.600000000000023,26.15,309,-30,-181,-20.08,1996.0,0.0
28,2022-11-11 14:42:45,ULTRACEMCO,6825,0.2724795640326976,-5.899999999999999,28.63,736,2,7100,24-Nov-2022,-9.090909090909092,47.85000000000002,27.42,40,-4,-6,-20.08,0.0,0.0
29,2022-11-11 14:42:45,ULTRACEMCO,6825,9.626274065685164,-3.8500000000000014,28.69,968,85,7200,24-Nov-2022,0.0,0.0,17.41,6,0,-85,-20.08,968.0,0.0
30,2022-11-11 14:42:45,ULTRACEMCO,6825,5.708661417322834,-2.75,29.41,537,29,7300,24-Nov-2022,0.0,0.0,0.0,3,0,-29,-20.08,0.0,0.0
31,2022-11-11 14:42:45,ULTRACEMCO,6825,-2.4344569288389515,-1.549999999999999,30.35,521,-13,7400,24-Nov-2022,0.0,0.0,0.0,2,0,13,-20.08,0.0,0.0
32,2022-11-11 14:42:45,ULTRACEMCO,6825,-8.02675585284281,-1.25,31.48,825,-72,7500,24-Nov-2022,0.0,0.0,0.0,10,0,72,-20.08,825.0,0.0
33,2022-11-11 14:42:45,ULTRACEMCO,6825,3.7151702786377707,-0.7999999999999989,33.06,335,12,7600,24-Nov-2022,0.0,0.0,0.0,0,0,-12,-20.08,0.0,0.0
34,2022-11-11 14:42:45,ULTRACEMCO,6825,2.6881720430107525,-0.6999999999999993,34.99,191,5,7700,24-Nov-2022,0.0,0.0,0.0,0,0,-5,-20.08,0.0,0.0
35,2022-11-11 14:42:45,ULTRACEMCO,6825,19.791666666666668,-0.39999999999999947,36.93,230,38,7800,24-Nov-2022,0.0,0.0,0.0,0,0,-38,-20.08,0.0,0.0
36,2022-11-11 14:42:45,ULTRACEMCO,6825,-9.014084507042254,-0.5,39.04,323,-32,7900,24-Nov-2022,0.0,0.0,0.0,0,0,32,-20.08,0.0,0.0
37,2022-11-11 14:42:45,ULTRACEMCO,6825,7.920792079207921,-0.2999999999999998,40.86,109,8,8000,24-Nov-2022,0.0,0.0,0.0,0,0,-8,-20.08,0.0,0.0
13,2022-11-11 14:46:05,ULTRACEMCO,6825,0.0,0.0,0.0,0,0,5600,24-Nov-2022,0.0,0.0,0.0,12,0,0,-19.48,0.0,0.0
14,2022-11-11 14:46:05,ULTRACEMCO,6825,0.0,0.0,0.0,0,0,5700,24-Nov-2022,0.0,0.0,0.0,48,0,0,-19.48,0.0,0.0
15,2022-11-11 14:46:05,ULTRACEMCO,6825,0.0,0.0,0.0,1,0,5800,24-Nov-2022,-14.18918918918919,-0.7000000000000002,41.37,127,-21,-21,-19.48,0.0,0.0
16,2022-11-11 14:46:05,ULTRACEMCO,6825,0.0,0.0,0.0,0,0,5900,24-Nov-2022,-1.5151515151515151,-1.1000000000000005,39.48,65,-1,-1,-19.48,0.0,0.0
17,2022-11-11 14:46:05,ULTRACEMCO,6825,-28.125,-10.149999999999977,44.35,69,-27,6000,24-Nov-2022,-8.892921960072595,-0.7000000000000002,37.91,502,-49,-22,-19.48,0.0,502.0
18,2022-11-11 14:46:05,ULTRACEMCO,6825,0.0,0.0,0.0,5,0,6100,24-Nov-2022,-8.571428571428571,-1.049999999999999,35.41,224,-21,-21,-19.48,0.0,0.0
19,2022-11-11 14:46:05,ULTRACEMCO,6825,0.0,-53.35000000000002,28.82,37,0,6200,24-Nov-2022,-22.42562929061785,-1.6500000000000004,33.3,339,-98,-98,-19.48,0.0,0.0
20,2022-11-11 14:46:05,ULTRACEMCO,6825,0.0,0.0,0.0,134,0,6300,24-Nov-2022,-4.260089686098655,-2.75,31.19,427,-19,-19,-19.48,0.0,0.0
21,2022-11-11 14:46:05,ULTRACEMCO,6825,0.0,36.19999999999999,47.16,111,0,6400,24-Nov-2022,-8.565737051792828,-4.350000000000001,29.49,459,-43,-43,-19.48,0.0,0.0
22,2022-11-11 14:46:05,ULTRACEMCO,6825,-10.638297872340425,-26.450000000000045,26.45,168,-20,6500,24-Nov-2022,-0.4491017964071856,-6.849999999999998,27.84,665,-3,17,-19.48,0.0,665.0
23,2022-11-11 14:46:05,ULTRACEMCO,6825,-0.45454545454545453,-5.350000000000023,30.39,219,-1,6600,24-Nov-2022,0.0,-9.5,26.67,502,0,1,-19.48,0.0,0.0
24,2022-11-11 14:46:05,ULTRACEMCO,6825,-2.05761316872428,-0.4000000000000057,29.29,238,-5,6700,24-Nov-2022,-0.9380863039399625,-11.650000000000006,25.89,528,-5,0,-19.48,0.0,528.0
25,2022-11-11 14:46:05,ULTRACEMCO,6825,12.110726643598616,-4.349999999999994,28.37,324,35,6800,24-Nov-2022,2.375296912114014,-13.049999999999997,24.9,431,10,-25,-19.48,0.0,0.0
26,2022-11-11 14:46:05,ULTRACEMCO,6825,13.961605584642234,-4.900000000000006,28.23,653,80,6900,24-Nov-2022,25.683060109289617,-12.949999999999989,25.19,230,47,-33,-19.48,0.0,0.0
27,2022-11-11 14:46:05,ULTRACEMCO,6825,6.883468834688347,-4.200000000000003,28.56,1972,127,7000,24-Nov-2022,-9.734513274336283,-11.0,26.15,306,-33,-160,-19.48,1972.0,0.0
28,2022-11-11 14:46:05,ULTRACEMCO,6825,0.5449591280653951,-4.5,28.63,738,4,7100,24-Nov-2022,-9.090909090909092,47.85000000000002,27.42,40,-4,-8,-19.48,0.0,0.0
29,2022-11-11 14:46:05,ULTRACEMCO,6825,9.626274065685164,-3.6499999999999986,28.69,968,85,7200,24-Nov-2022,0.0,0.0,17.41,6,0,-85,-19.48,968.0,0.0
30,2022-11-11 14:46:05,ULTRACEMCO,6825,5.118110236220472,-2.75,29.41,534,26,7300,24-Nov-2022,0.0,0.0,0.0,3,0,-26,-19.48,0.0,0.0
31,2022-11-11 14:46:05,ULTRACEMCO,6825,-2.4344569288389515,-1.3999999999999986,30.35,521,-13,7400,24-Nov-2022,0.0,0.0,0.0,2,0,13,-19.48,0.0,0.0
32,2022-11-11 14:46:05,ULTRACEMCO,6825,-7.915273132664437,-0.9499999999999993,31.48,826,-71,7500,24-Nov-2022,0.0,0.0,0.0,10,0,71,-19.48,826.0,0.0
33,2022-11-11 14:46:05,ULTRACEMCO,6825,3.0959752321981426,-0.5499999999999989,33.06,333,10,7600,24-Nov-2022,0.0,0.0,0.0,0,0,-10,-19.48,0.0,0.0
34,2022-11-11 14:46:05,ULTRACEMCO,6825,2.6881720430107525,-0.6999999999999993,34.99,191,5,7700,24-Nov-2022,0.0,0.0,0.0,0,0,-5,-19.48,0.0,0.0
35,2022-11-11 14:46:05,ULTRACEMCO,6825,18.75,-0.25,36.93,228,36,7800,24-Nov-2022,0.0,0.0,0.0,0,0,-36,-19.48,0.0,0.0
36,2022-11-11 14:46:05,ULTRACEMCO,6825,-9.014084507042254,-0.34999999999999964,39.04,323,-32,7900,24-Nov-2022,0.0,0.0,0.0,0,0,32,-19.48,0.0,0.0
37,2022-11-11 14:46:05,ULTRACEMCO,6825,7.920792079207921,-0.2999999999999998,40.86,109,8,8000,24-Nov-2022,0.0,0.0,0.0,0,0,-8,-19.48,0.0,0.0
13,2022-11-11 14:48:59,ULTRACEMCO,6825,0.0,0.0,0.0,0,0,5600,24-Nov-2022,0.0,0.0,0.0,12,0,0,-19.6,0.0,0.0
14,2022-11-11 14:48:59,ULTRACEMCO,6825,0.0,0.0,0.0,0,0,5700,24-Nov-2022,0.0,0.0,0.0,48,0,0,-19.6,0.0,0.0
15,2022-11-11 14:48:59,ULTRACEMCO,6825,0.0,0.0,0.0,1,0,5800,24-Nov-2022,-14.18918918918919,-0.7000000000000002,0.0,127,-21,-21,-19.6,0.0,0.0
16,2022-11-11 14:48:59,ULTRACEMCO,6825,0.0,0.0,0.0,0,0,5900,24-Nov-2022,-1.5151515151515151,-1.1000000000000005,39.48,65,-1,-1,-19.6,0.0,0.0
17,2022-11-11 14:48:59,ULTRACEMCO,6825,-28.125,-10.149999999999977,44.35,69,-27,6000,24-Nov-2022,-8.892921960072595,-0.7000000000000002,37.91,502,-49,-22,-19.6,0.0,502.0
18,2022-11-11 14:48:59,ULTRACEMCO,6825,0.0,0.0,0.0,5,0,6100,24-Nov-2022,-8.16326530612245,-0.8499999999999996,35.41,225,-20,-20,-19.6,0.0,0.0
19,2022-11-11 14:48:59,ULTRACEMCO,6825,0.0,-53.35000000000002,28.82,37,0,6200,24-Nov-2022,-22.65446224256293,-1.549999999999999,33.3,338,-99,-99,-19.6,0.0,0.0
20,2022-11-11 14:48:59,ULTRACEMCO,6825,0.0,0.0,0.0,134,0,6300,24-Nov-2022,-3.3632286995515694,-2.799999999999999,31.19,431,-15,-15,-19.6,0.0,0.0
21,2022-11-11 14:48:59,ULTRACEMCO,6825,0.0,36.19999999999999,47.16,111,0,6400,24-Nov-2022,-8.565737051792828,-4.050000000000001,29.49,459,-43,-43,-19.6,0.0,0.0
22,2022-11-11 14:48:59,ULTRACEMCO,6825,-10.638297872340425,-26.450000000000045,26.45,168,-20,6500,24-Nov-2022,-0.4491017964071856,-6.849999999999998,27.84,665,-3,17,-19.6,0.0,665.0
23,2022-11-11 14:48:59,ULTRACEMCO,6825,-0.45454545454545453,-5.350000000000023,30.39,219,-1,6600,24-Nov-2022,-0.398406374501992,-9.0,26.67,500,-2,-1,-19.6,0.0,0.0
24,2022-11-11 14:48:59,ULTRACEMCO,6825,-2.05761316872428,-0.4000000000000057,29.29,238,-5,6700,24-Nov-2022,-0.9380863039399625,-11.200000000000003,25.89,528,-5,0,-19.6,0.0,528.0
25,2022-11-11 14:48:59,ULTRACEMCO,6825,12.456747404844291,-7.049999999999983,28.37,325,36,6800,24-Nov-2022,1.9002375296912113,-13.599999999999994,24.9,429,8,-28,-19.6,0.0,0.0
26,2022-11-11 14:48:59,ULTRACEMCO,6825,13.961605584642234,-6.75,28.23,653,80,6900,24-Nov-2022,25.136612021857925,-12.049999999999983,25.19,229,46,-34,-19.6,0.0,0.0
27,2022-11-11 14:48:59,ULTRACEMCO,6825,6.612466124661246,-4.950000000000003,28.56,1967,122,7000,24-Nov-2022,-9.734513274336283,-11.0,26.15,306,-33,-155,-19.6,1967.0,0.0
28,2022-11-11 14:48:59,ULTRACEMCO,6825,0.5449591280653951,-5.049999999999997,28.63,738,4,7100,24-Nov-2022,-9.090909090909092,47.85000000000002,27.42,40,-4,-8,-19.6,0.0,0.0
29,2022-11-11 14:48:59,ULTRACEMCO,6825,10.079275198187995,-3.8999999999999986,28.69,972,89,7200,24-Nov-2022,0.0,0.0,17.41,6,0,-89,-19.6,972.0,0.0
30,2022-11-11 14:48:59,ULTRACEMCO,6825,5.118110236220472,-2.150000000000002,29.41,534,26,7300,24-Nov-2022,0.0,0.0,0.0,3,0,-26,-19.6,0.0,0.0
31,2022-11-11 14:48:59,ULTRACEMCO,6825,-2.4344569288389515,-1.6499999999999986,30.35,521,-13,7400,24-Nov-2022,0.0,0.0,0.0,2,0,13,-19.6,0.0,0.0
32,2022-11-11 14:48:59,ULTRACEMCO,6825,-7.6923076923076925,-1.25,31.48,828,-69,7500,24-Nov-2022,0.0,0.0,0.0,10,0,69,-19.6,828.0,0.0
33,2022-11-11 14:48:59,ULTRACEMCO,6825,3.4055727554179565,-0.75,33.06,334,11,7600,24-Nov-2022,0.0,0.0,0.0,0,0,-11,-19.6,0.0,0.0
34,2022-11-11 14:48:59,ULTRACEMCO,6825,2.6881720430107525,-0.6499999999999995,34.99,191,5,7700,24-Nov-2022,0.0,0.0,0.0,0,0,-5,-19.6,0.0,0.0
35,2022-11-11 14:48:59,ULTRACEMCO,6825,18.75,-0.25,36.93,228,36,7800,24-Nov-2022,0.0,0.0,0.0,0,0,-36,-19.6,0.0,0.0
36,2022-11-11 14:48:59,ULTRACEMCO,6825,-9.295774647887324,-0.34999999999999964,39.04,322,-33,7900,24-Nov-2022,0.0,0.0,0.0,0,0,33,-19.6,0.0,0.0
37,2022-11-11 14:48:59,ULTRACEMCO,6825,7.920792079207921,-0.2999999999999998,40.86,109,8,8000,24-Nov-2022,0.0,0.0,0.0,0,0,-8,-19.6,0.0,0.0
13,2022-11-11 14:51:44,ULTRACEMCO,6825,0.0,0.0,0.0,0,0,5600,24-Nov-2022,0.0,0.0,0.0,12,0,0,-19.72,0.0,0.0
14,2022-11-11 14:51:44,ULTRACEMCO,6825,0.0,0.0,0.0,0,0,5700,24-Nov-2022,0.0,0.0,0.0,48,0,0,-19.72,0.0,0.0
15,2022-11-11 14:51:44,ULTRACEMCO,6825,0.0,0.0,0.0,1,0,5800,24-Nov-2022,-14.18918918918919,-0.7000000000000002,41.37,127,-21,-21,-19.72,0.0,0.0
16,2022-11-11 14:51:44,ULTRACEMCO,6825,0.0,0.0,0.0,0,0,5900,24-Nov-2022,-1.5151515151515151,-1.1000000000000005,39.48,65,-1,-1,-19.72,0.0,0.0
17,2022-11-11 14:51:44,ULTRACEMCO,6825,-28.125,-10.149999999999977,44.28,69,-27,6000,24-Nov-2022,-8.892921960072595,-0.5,37.91,502,-49,-22,-19.72,0.0,502.0
18,2022-11-11 14:51:44,ULTRACEMCO,6825,0.0,0.0,0.0,5,0,6100,24-Nov-2022,-7.346938775510204,-0.8499999999999996,35.63,227,-18,-18,-19.72,0.0,0.0
19,2022-11-11 14:51:44,ULTRACEMCO,6825,0.0,-53.35000000000002,28.72,37,0,6200,24-Nov-2022,-22.65446224256293,-1.549999999999999,33.4,338,-99,-99,-19.72,0.0,0.0
20,2022-11-11 14:51:44,ULTRACEMCO,6825,0.0,0.0,0.0,134,0,6300,24-Nov-2022,-3.811659192825112,-2.6499999999999986,31.19,429,-17,-17,-19.72,0.0,0.0
21,2022-11-11 14:51:44,ULTRACEMCO,6825,0.0,36.19999999999999,47.14,111,0,6400,24-Nov-2022,-8.764940239043824,-4.5,29.31,458,-44,-44,-19.72,0.0,0.0
22,2022-11-11 14:51:44,ULTRACEMCO,6825,-10.638297872340425,-26.450000000000045,26.42,168,-20,6500,24-Nov-2022,-0.4491017964071856,-6.849999999999998,27.77,665,-3,17,-19.72,0.0,665.0
23,2022-11-11 14:51:44,ULTRACEMCO,6825,-0.45454545454545453,-5.350000000000023,30.37,219,-1,6600,24-Nov-2022,-0.5976095617529881,-9.199999999999996,26.43,499,-3,-2,-19.72,0.0,0.0
24,2022-11-11 14:51:44,ULTRACEMCO,6825,-2.05761316872428,-0.4000000000000057,30.32,238,-5,6700,24-Nov-2022,-0.7504690431519699,-11.849999999999994,25.49,529,-4,1,-19.72,0.0,529.0
25,2022-11-11 14:51:44,ULTRACEMCO,6825,12.110726643598616,-4.699999999999989,28.8,324,35,6800,24-Nov-2022,1.9002375296912113,-15.149999999999991,24.65,429,8,-27,-19.72,0.0,0.0
26,2022-11-11 14:51:44,ULTRACEMCO,6825,13.961605584642234,-5.5,28.59,653,80,6900,24-Nov-2022,25.683060109289617,-12.049999999999983,24.38,230,47,-33,-19.72,0.0,0.0
27,2022-11-11 14:51:44,ULTRACEMCO,6825,6.720867208672087,-4.900000000000006,28.37,1969,124,7000,24-Nov-2022,-10.029498525073747,-13.050000000000011,24.65,305,-34,-158,-19.72,1969.0,0.0
28,2022-11-11 14:51:44,ULTRACEMCO,6825,0.5449591280653951,-4.399999999999999,28.56,738,4,7100,24-Nov-2022,-9.090909090909092,47.85000000000002,27.44,40,-4,-8,-19.72,0.0,0.0
29,2022-11-11 14:51:44,ULTRACEMCO,6825,10.079275198187995,-3.8999999999999986,28.82,972,89,7200,24-Nov-2022,0.0,0.0,17.47,6,0,-89,-19.72,972.0,0.0
30,2022-11-11 14:51:44,ULTRACEMCO,6825,5.118110236220472,-2.150000000000002,29.59,534,26,7300,24-Nov-2022,0.0,0.0,0.0,3,0,-26,-19.72,0.0,0.0
31,2022-11-11 14:51:44,ULTRACEMCO,6825,-2.4344569288389515,-1.4499999999999993,30.37,521,-13,7400,24-Nov-2022,0.0,0.0,0.0,2,0,13,-19.72,0.0,0.0
32,2022-11-11 14:51:44,ULTRACEMCO,6825,-7.803790412486065,-1.1499999999999986,31.48,827,-70,7500,24-Nov-2022,0.0,0.0,0.0,10,0,70,-19.72,827.0,0.0
33,2022-11-11 14:51:44,ULTRACEMCO,6825,4.024767801857585,-0.6499999999999986,33.1,336,13,7600,24-Nov-2022,0.0,0.0,0.0,0,0,-13,-19.72,0.0,0.0
34,2022-11-11 14:51:44,ULTRACEMCO,6825,2.6881720430107525,-0.6499999999999995,34.98,191,5,7700,24-Nov-2022,0.0,0.0,0.0,0,0,-5,-19.72,0.0,0.0
35,2022-11-11 14:51:44,ULTRACEMCO,6825,18.75,-0.2999999999999998,37.09,228,36,7800,24-Nov-2022,0.0,0.0,0.0,0,0,-36,-19.72,0.0,0.0
36,2022-11-11 14:51:44,ULTRACEMCO,6825,-9.295774647887324,-0.34999999999999964,39.22,322,-33,7900,24-Nov-2022,0.0,0.0,0.0,0,0,33,-19.72,0.0,0.0
37,2022-11-11 14:51:44,ULTRACEMCO,6825,7.920792079207921,-0.2999999999999998,40.86,109,8,8000,24-Nov-2022,0.0,0.0,0.0,0,0,-8,-19.72,0.0,0.0
13,2022-11-11 14:55:07,ULTRACEMCO,6825,0.0,0.0,0.0,0,0,5600,24-Nov-2022,0.0,0.0,0.0,12,0,0,-19.52,0.0,0.0
14,2022-11-11 14:55:07,ULTRACEMCO,6825,0.0,0.0,0.0,0,0,5700,24-Nov-2022,0.0,0.0,0.0,48,0,0,-19.52,0.0,0.0
15,2022-11-11 14:55:07,ULTRACEMCO,6825,0.0,0.0,0.0,1,0,5800,24-Nov-2022,-14.18918918918919,-0.7000000000000002,41.37,127,-21,-21,-19.52,0.0,0.0
16,2022-11-11 14:55:07,ULTRACEMCO,6825,0.0,0.0,0.0,0,0,5900,24-Nov-2022,-1.5151515151515151,-1.1000000000000005,39.48,65,-1,-1,-19.52,0.0,0.0
17,2022-11-11 14:55:07,ULTRACEMCO,6825,-28.125,-10.149999999999977,44.28,69,-27,6000,24-Nov-2022,-9.074410163339383,-0.5,37.91,501,-50,-23,-19.52,0.0,501.0
18,2022-11-11 14:55:07,ULTRACEMCO,6825,0.0,0.0,0.0,5,0,6100,24-Nov-2022,-6.938775510204081,-0.6500000000000004,35.63,228,-17,-17,-19.52,0.0,0.0
19,2022-11-11 14:55:07,ULTRACEMCO,6825,0.0,-53.35000000000002,28.72,37,0,6200,24-Nov-2022,-22.65446224256293,-1.4499999999999993,33.4,338,-99,-99,-19.52,0.0,0.0
20,2022-11-11 14:55:07,ULTRACEMCO,6825,0.0,0.0,0.0,134,0,6300,24-Nov-2022,-3.587443946188341,-2.25,31.19,430,-16,-16,-19.52,0.0,0.0
21,2022-11-11 14:55:07,ULTRACEMCO,6825,0.0,36.19999999999999,47.14,111,0,6400,24-Nov-2022,-8.565737051792828,-3.75,29.31,459,-43,-43,-19.52,0.0,0.0
22,2022-11-11 14:55:07,ULTRACEMCO,6825,-10.638297872340425,-26.450000000000045,26.42,168,-20,6500,24-Nov-2022,-1.4970059880239521,-6.049999999999997,27.77,658,-10,10,-19.52,0.0,658.0
23,2022-11-11 14:55:07,ULTRACEMCO,6825,-0.45454545454545453,-5.350000000000023,30.37,219,-1,6600,24-Nov-2022,-0.398406374501992,-8.600000000000001,26.43,500,-2,-1,-19.52,0.0,0.0
24,2022-11-11 14:55:07,ULTRACEMCO,6825,-2.05761316872428,-0.4000000000000057,30.32,238,-5,6700,24-Nov-2022,-0.5628517823639775,-10.549999999999997,25.49,530,-3,2,-19.52,0.0,530.0
25,2022-11-11 14:55:07,ULTRACEMCO,6825,11.418685121107266,-8.5,28.8,322,33,6800,24-Nov-2022,2.375296912114014,-12.5,24.65,431,10,-23,-19.52,0.0,0.0
26,2022-11-11 14:55:07,ULTRACEMCO,6825,14.31064572425829,-7.900000000000006,28.59,655,82,6900,24-Nov-2022,25.683060109289617,-14.199999999999989,24.38,230,47,-35,-19.52,0.0,0.0
27,2022-11-11 14:55:07,ULTRACEMCO,6825,6.558265582655826,-6.799999999999997,28.37,1966,121,7000,24-Nov-2022,-10.32448377581121,-10.850000000000023,24.65,304,-35,-156,-19.52,1966.0,0.0
28,2022-11-11 14:55:07,ULTRACEMCO,6825,0.2724795640326976,-5.799999999999997,28.56,736,2,7100,24-Nov-2022,-9.090909090909092,47.85000000000002,27.44,40,-4,-6,-19.52,0.0,0.0
29,2022-11-11 14:55:07,ULTRACEMCO,6825,9.739524348810871,-5.0,28.82,969,86,7200,24-Nov-2022,0.0,0.0,17.47,6,0,-86,-19.52,969.0,0.0
30,2022-11-11 14:55:07,ULTRACEMCO,6825,5.31496062992126,-3.3500000000000014,29.59,535,27,7300,24-Nov-2022,0.0,0.0,0.0,3,0,-27,-19.52,0.0,0.0
31,2022-11-11 14:55:07,ULTRACEMCO,6825,-2.247191011235955,-2.2499999999999982,30.37,522,-12,7400,24-Nov-2022,0.0,0.0,0.0,2,0,12,-19.52,0.0,0.0
32,2022-11-11 14:55:07,ULTRACEMCO,6825,-7.6923076923076925,-1.5,31.48,828,-69,7500,24-Nov-2022,0.0,0.0,0.0,10,0,69,-19.52,828.0,0.0
33,2022-11-11 14:55:07,ULTRACEMCO,6825,3.4055727554179565,-0.7999999999999989,33.1,334,11,7600,24-Nov-2022,0.0,0.0,0.0,0,0,-11,-19.52,0.0,0.0
34,2022-11-11 14:55:07,ULTRACEMCO,6825,2.6881720430107525,-0.7999999999999998,34.98,191,5,7700,24-Nov-2022,0.0,0.0,0.0,0,0,-5,-19.52,0.0,0.0
35,2022-11-11 14:55:07,ULTRACEMCO,6825,18.75,-0.2999999999999998,37.09,228,36,7800,24-Nov-2022,0.0,0.0,0.0,0,0,-36,-19.52,0.0,0.0
36,2022-11-11 14:55:07,ULTRACEMCO,6825,-9.577464788732394,-0.5499999999999998,39.22,321,-34,7900,24-Nov-2022,0.0,0.0,0.0,0,0,34,-19.52,0.0,0.0
37,2022-11-11 14:55:07,ULTRACEMCO,6825,8.910891089108912,-0.34999999999999964,40.86,110,9,8000,24-Nov-2022,0.0,0.0,0.0,0,0,-9,-19.52,0.0,0.0
13,2022-11-11 14:57:45,ULTRACEMCO,6825,0.0,0.0,0.0,0,0,5600,24-Nov-2022,0.0,0.0,0.0,12,0,0,-19.64,0.0,0.0
14,2022-11-11 14:57:45,ULTRACEMCO,6825,0.0,0.0,0.0,0,0,5700,24-Nov-2022,0.0,0.0,0.0,48,0,0,-19.64,0.0,0.0
15,2022-11-11 14:57:45,ULTRACEMCO,6825,0.0,0.0,0.0,1,0,5800,24-Nov-2022,-14.18918918918919,-0.7000000000000002,41.37,127,-21,-21,-19.64,0.0,0.0
16,2022-11-11 14:57:45,ULTRACEMCO,6825,0.0,0.0,0.0,0,0,5900,24-Nov-2022,-1.5151515151515151,-1.1000000000000005,39.48,65,-1,-1,-19.64,0.0,0.0
17,2022-11-11 14:57:45,ULTRACEMCO,6825,-28.125,-10.149999999999977,44.28,69,-27,6000,24-Nov-2022,-9.074410163339383,-0.3000000000000007,37.91,501,-50,-23,-19.64,0.0,501.0
18,2022-11-11 14:57:45,ULTRACEMCO,6825,0.0,0.0,0.0,5,0,6100,24-Nov-2022,-6.938775510204081,-0.8499999999999996,35.63,228,-17,-17,-19.64,0.0,0.0
19,2022-11-11 14:57:45,ULTRACEMCO,6825,0.0,-53.35000000000002,28.72,37,0,6200,24-Nov-2022,-22.65446224256293,-1.4499999999999993,33.4,338,-99,-99,-19.64,0.0,0.0
20,2022-11-11 14:57:45,ULTRACEMCO,6825,0.0,0.0,0.0,134,0,6300,24-Nov-2022,-3.587443946188341,-2.549999999999999,31.19,430,-16,-16,-19.64,0.0,0.0
21,2022-11-11 14:57:45,ULTRACEMCO,6825,0.0,36.19999999999999,47.14,111,0,6400,24-Nov-2022,-8.565737051792828,-4.350000000000001,29.31,459,-43,-43,-19.64,0.0,0.0
22,2022-11-11 14:57:45,ULTRACEMCO,6825,-10.638297872340425,-26.450000000000045,26.42,168,-20,6500,24-Nov-2022,-1.4970059880239521,-6.799999999999997,27.77,658,-10,10,-19.64,0.0,658.0
23,2022-11-11 14:57:45,ULTRACEMCO,6825,-0.45454545454545453,-5.350000000000023,30.37,219,-1,6600,24-Nov-2022,-0.398406374501992,-9.649999999999999,26.43,500,-2,-1,-19.64,0.0,0.0
24,2022-11-11 14:57:45,ULTRACEMCO,6825,-2.05761316872428,-0.4000000000000057,30.32,238,-5,6700,24-Nov-2022,-0.5628517823639775,-11.849999999999994,25.49,530,-3,2,-19.64,0.0,530.0
25,2022-11-11 14:57:45,ULTRACEMCO,6825,11.418685121107266,-4.849999999999994,28.8,322,33,6800,24-Nov-2022,2.375296912114014,-15.5,24.65,431,10,-23,-19.64,0.0,0.0
26,2022-11-11 14:57:45,ULTRACEMCO,6825,14.31064572425829,-6.400000000000006,28.59,655,82,6900,24-Nov-2022,25.683060109289617,-14.199999999999989,24.38,230,47,-35,-19.64,0.0,0.0
27,2022-11-11 14:57:45,ULTRACEMCO,6825,6.558265582655826,-5.0,28.37,1966,121,7000,24-Nov-2022,-10.619469026548673,-13.050000000000011,24.65,303,-36,-157,-19.64,1966.0,0.0
28,2022-11-11 14:57:45,ULTRACEMCO,6825,0.2724795640326976,-4.649999999999999,28.56,736,2,7100,24-Nov-2022,-9.090909090909092,47.85000000000002,27.44,40,-4,-6,-19.64,0.0,0.0
29,2022-11-11 14:57:45,ULTRACEMCO,6825,9.739524348810871,-4.5,28.82,969,86,7200,24-Nov-2022,0.0,0.0,17.47,6,0,-86,-19.64,969.0,0.0
30,2022-11-11 14:57:45,ULTRACEMCO,6825,5.31496062992126,-2.8000000000000007,29.59,535,27,7300,24-Nov-2022,0.0,0.0,0.0,3,0,-27,-19.64,0.0,0.0
31,2022-11-11 14:57:45,ULTRACEMCO,6825,-2.247191011235955,-2.049999999999999,30.37,522,-12,7400,24-Nov-2022,0.0,0.0,0.0,2,0,12,-19.64,0.0,0.0
32,2022-11-11 14:57:45,ULTRACEMCO,6825,-7.6923076923076925,-1.3499999999999996,31.48,828,-69,7500,24-Nov-2022,0.0,0.0,0.0,10,0,69,-19.64,828.0,0.0
33,2022-11-11 14:57:45,ULTRACEMCO,6825,3.4055727554179565,-0.8999999999999986,33.1,334,11,7600,24-Nov-2022,0.0,0.0,0.0,0,0,-11,-19.64,0.0,0.0
34,2022-11-11 14:57:45,ULTRACEMCO,6825,3.763440860215054,-0.7999999999999998,34.98,193,7,7700,24-Nov-2022,0.0,0.0,0.0,0,0,-7,-19.64,0.0,0.0
35,2022-11-11 14:57:45,ULTRACEMCO,6825,18.75,-0.2999999999999998,37.09,228,36,7800,24-Nov-2022,0.0,0.0,0.0,0,0,-36,-19.64,0.0,0.0
36,2022-11-11 14:57:45,ULTRACEMCO,6825,-9.577464788732394,-0.5499999999999998,39.22,321,-34,7900,24-Nov-2022,0.0,0.0,0.0,0,0,34,-19.64,0.0,0.0
37,2022-11-11 14:57:45,ULTRACEMCO,6825,8.910891089108912,-0.34999999999999964,40.86,110,9,8000,24-Nov-2022,0.0,0.0,0.0,0,0,-9,-19.64,0.0,0.0
13,2022-11-11 15:01:06,ULTRACEMCO,6825,0.0,0.0,0.0,0,0,5600,24-Nov-2022,0.0,0.0,0.0,12,0,0,-18.96,0.0,0.0
14,2022-11-11 15:01:06,ULTRACEMCO,6825,0.0,0.0,0.0,0,0,5700,24-Nov-2022,0.0,0.0,0.0,48,0,0,-18.96,0.0,0.0
15,2022-11-11 15:01:06,ULTRACEMCO,6825,0.0,0.0,0.0,1,0,5800,24-Nov-2022,-14.18918918918919,-0.7000000000000002,41.37,127,-21,-21,-18.96,0.0,0.0
16,2022-11-11 15:01:06,ULTRACEMCO,6825,0.0,0.0,0.0,0,0,5900,24-Nov-2022,-1.5151515151515151,-1.1000000000000005,39.48,65,-1,-1,-18.96,0.0,0.0
17,2022-11-11 15:01:06,ULTRACEMCO,6825,-28.125,-10.149999999999977,44.28,69,-27,6000,24-Nov-2022,-9.074410163339383,-0.3000000000000007,37.91,501,-50,-23,-18.96,0.0,0.0
18,2022-11-11 15:01:06,ULTRACEMCO,6825,0.0,0.0,0.0,5,0,6100,24-Nov-2022,-5.714285714285714,-0.7999999999999989,35.63,231,-14,-14,-18.96,0.0,0.0
19,2022-11-11 15:01:06,ULTRACEMCO,6825,0.0,-53.35000000000002,28.72,37,0,6200,24-Nov-2022,-22.65446224256293,-1.6500000000000004,33.4,338,-99,-99,-18.96,0.0,0.0
20,2022-11-11 15:01:06,ULTRACEMCO,6825,0.0,0.0,0.0,134,0,6300,24-Nov-2022,-2.4663677130044843,-2.6999999999999993,31.19,435,-11,-11,-18.96,0.0,0.0
21,2022-11-11 15:01:06,ULTRACEMCO,6825,0.0,36.19999999999999,47.14,111,0,6400,24-Nov-2022,-8.565737051792828,-4.700000000000003,29.31,459,-43,-43,-18.96,0.0,0.0
22,2022-11-11 15:01:06,ULTRACEMCO,6825,-10.638297872340425,-26.450000000000045,26.42,168,-20,6500,24-Nov-2022,-1.4970059880239521,-7.299999999999997,27.77,658,-10,10,-18.96,0.0,658.0
23,2022-11-11 15:01:06,ULTRACEMCO,6825,-0.45454545454545453,-5.350000000000023,30.37,219,-1,6600,24-Nov-2022,0.0,-10.299999999999997,26.43,502,0,1,-18.96,0.0,502.0
24,2022-11-11 15:01:06,ULTRACEMCO,6825,-2.05761316872428,-0.4000000000000057,30.32,238,-5,6700,24-Nov-2022,0.0,-12.299999999999997,25.49,533,0,5,-18.96,0.0,533.0
25,2022-11-11 15:01:06,ULTRACEMCO,6825,11.418685121107266,-5.849999999999994,28.8,322,33,6800,24-Nov-2022,1.66270783847981,-17.599999999999994,24.65,428,7,-26,-18.96,0.0,0.0
26,2022-11-11 15:01:06,ULTRACEMCO,6825,14.136125654450261,-5.200000000000003,28.59,654,81,6900,24-Nov-2022,25.683060109289617,-16.900000000000006,24.38,230,47,-34,-18.96,0.0,0.0
27,2022-11-11 15:01:06,ULTRACEMCO,6825,6.720867208672087,-5.549999999999997,28.37,1969,124,7000,24-Nov-2022,-10.619469026548673,-13.050000000000011,24.65,303,-36,-160,-18.96,1969.0,0.0
28,2022-11-11 15:01:06,ULTRACEMCO,6825,0.0,-4.799999999999997,28.56,734,0,7100,24-Nov-2022,-9.090909090909092,47.85000000000002,27.44,40,-4,-4,-18.96,0.0,0.0
29,2022-11-11 15:01:06,ULTRACEMCO,6825,9.626274065685164,-4.350000000000001,28.82,968,85,7200,24-Nov-2022,0.0,0.0,17.47,6,0,-85,-18.96,968.0,0.0
30,2022-11-11 15:01:06,ULTRACEMCO,6825,4.921259842519685,-2.400000000000002,29.59,533,25,7300,24-Nov-2022,0.0,0.0,0.0,3,0,-25,-18.96,0.0,0.0
31,2022-11-11 15:01:06,ULTRACEMCO,6825,-2.247191011235955,-1.8999999999999986,30.37,522,-12,7400,24-Nov-2022,0.0,0.0,0.0,2,0,12,-18.96,0.0,0.0
32,2022-11-11 15:01:06,ULTRACEMCO,6825,-7.803790412486065,-1.3499999999999996,31.48,827,-70,7500,24-Nov-2022,0.0,0.0,0.0,10,0,70,-18.96,827.0,0.0
33,2022-11-11 15:01:06,ULTRACEMCO,6825,2.476780185758514,-0.75,33.1,331,8,7600,24-Nov-2022,0.0,0.0,0.0,0,0,-8,-18.96,0.0,0.0
34,2022-11-11 15:01:06,ULTRACEMCO,6825,3.763440860215054,-0.7999999999999998,34.98,193,7,7700,24-Nov-2022,0.0,0.0,0.0,0,0,-7,-18.96,0.0,0.0
35,2022-11-11 15:01:06,ULTRACEMCO,6825,18.75,-0.2999999999999998,37.09,228,36,7800,24-Nov-2022,0.0,0.0,0.0,0,0,-36,-18.96,0.0,0.0
36,2022-11-11 15:01:06,ULTRACEMCO,6825,-9.577464788732394,-0.4500000000000002,39.22,321,-34,7900,24-Nov-2022,0.0,0.0,0.0,0,0,34,-18.96,0.0,0.0
37,2022-11-11 15:01:06,ULTRACEMCO,6825,8.910891089108912,-0.5499999999999998,40.86,110,9,8000,24-Nov-2022,0.0,0.0,0.0,0,0,-9,-18.96,0.0,0.0
13,2022-11-11 15:03:59,ULTRACEMCO,6825,0.0,0.0,0.0,0,0,5600,24-Nov-2022,0.0,0.0,0.0,12,0,0,-20.32,0.0,0.0
14,2022-11-11 15:03:59,ULTRACEMCO,6825,0.0,0.0,0.0,0,0,5700,24-Nov-2022,0.0,0.0,45.24,48,0,0,-20.32,0.0,0.0
15,2022-11-11 15:03:59,ULTRACEMCO,6825,0.0,0.0,0.0,1,0,5800,24-Nov-2022,-14.18918918918919,-0.7000000000000002,41.46,127,-21,-21,-20.32,0.0,0.0
16,2022-11-11 15:03:59,ULTRACEMCO,6825,0.0,0.0,0.0,0,0,5900,24-Nov-2022,-1.5151515151515151,-1.1000000000000005,39.58,65,-1,-1,-20.32,0.0,0.0
17,2022-11-11 15:03:59,ULTRACEMCO,6825,-28.125,-10.149999999999977,42.15,69,-27,6000,24-Nov-2022,-9.074410163339383,-0.3000000000000007,38.45,501,-50,-23,-20.32,0.0,0.0
18,2022-11-11 15:03:59,ULTRACEMCO,6825,0.0,0.0,0.0,5,0,6100,24-Nov-2022,-6.122448979591836,-1.1999999999999993,35.79,230,-15,-15,-20.32,0.0,0.0
19,2022-11-11 15:03:59,ULTRACEMCO,6825,0.0,-53.35000000000002,24.88,37,0,6200,24-Nov-2022,-22.65446224256293,-1.6999999999999993,33.62,338,-99,-99,-20.32,0.0,0.0
20,2022-11-11 15:03:59,ULTRACEMCO,6825,0.0,0.0,0.0,134,0,6300,24-Nov-2022,-1.7937219730941705,-2.8999999999999986,31.32,438,-8,-8,-20.32,0.0,0.0
21,2022-11-11 15:03:59,ULTRACEMCO,6825,0.0,36.19999999999999,46.51,111,0,6400,24-Nov-2022,-8.565737051792828,-4.700000000000003,29.45,459,-43,-43,-20.32,0.0,0.0
22,2022-11-11 15:03:59,ULTRACEMCO,6825,-10.638297872340425,-26.450000000000045,25.56,168,-20,6500,24-Nov-2022,-1.6467065868263473,-7.299999999999997,27.85,657,-11,9,-20.32,0.0,657.0
23,2022-11-11 15:03:59,ULTRACEMCO,6825,-0.45454545454545453,-5.350000000000023,29.84,219,-1,6600,24-Nov-2022,0.199203187250996,-10.25,26.34,503,1,2,-20.32,0.0,503.0
24,2022-11-11 15:03:59,ULTRACEMCO,6825,-2.05761316872428,-0.4000000000000057,29.92,238,-5,6700,24-Nov-2022,-0.18761726078799248,-14.25,25.42,532,-1,4,-20.32,0.0,532.0
25,2022-11-11 15:03:59,ULTRACEMCO,6825,12.110726643598616,-5.849999999999994,28.48,324,35,6800,24-Nov-2022,0.9501187648456056,-13.700000000000003,24.46,425,4,-31,-20.32,0.0,0.0
26,2022-11-11 15:03:59,ULTRACEMCO,6825,13.787085514834207,-6.75,28.26,652,79,6900,24-Nov-2022,25.136612021857925,-14.449999999999989,24.55,229,46,-33,-20.32,0.0,0.0
27,2022-11-11 15:03:59,ULTRACEMCO,6825,6.829268292682927,-5.5,28.33,1971,126,7000,24-Nov-2022,-10.914454277286136,-11.25,24.65,302,-37,-163,-20.32,1971.0,0.0
28,2022-11-11 15:03:59,ULTRACEMCO,6825,0.5449591280653951,-4.799999999999997,28.44,738,4,7100,24-Nov-2022,-9.090909090909092,47.85000000000002,28.0,40,-4,-8,-20.32,0.0,0.0
29,2022-11-11 15:03:59,ULTRACEMCO,6825,10.305775764439412,-4.399999999999999,28.66,974,91,7200,24-Nov-2022,0.0,0.0,19.11,6,0,-91,-20.32,974.0,0.0
30,2022-11-11 15:03:59,ULTRACEMCO,6825,4.921259842519685,-3.150000000000002,29.2,533,25,7300,24-Nov-2022,0.0,0.0,0.0,3,0,-25,-20.32,0.0,0.0
31,2022-11-11 15:03:59,ULTRACEMCO,6825,-2.4344569288389515,-1.799999999999999,29.89,521,-13,7400,24-Nov-2022,0.0,0.0,0.0,2,0,13,-20.32,0.0,0.0
32,2022-11-11 15:03:59,ULTRACEMCO,6825,-7.915273132664437,-1.4499999999999993,31.36,826,-71,7500,24-Nov-2022,0.0,0.0,0.0,10,0,71,-20.32,826.0,0.0
33,2022-11-11 15:03:59,ULTRACEMCO,6825,2.476780185758514,-0.75,32.99,331,8,7600,24-Nov-2022,0.0,0.0,0.0,0,0,-8,-20.32,0.0,0.0
34,2022-11-11 15:03:59,ULTRACEMCO,6825,3.763440860215054,-0.7999999999999998,34.73,193,7,7700,24-Nov-2022,0.0,0.0,0.0,0,0,-7,-20.32,0.0,0.0
35,2022-11-11 15:03:59,ULTRACEMCO,6825,18.75,-0.2999999999999998,36.93,228,36,7800,24-Nov-2022,0.0,0.0,0.0,0,0,-36,-20.32,0.0,0.0
36,2022-11-11 15:03:59,ULTRACEMCO,6825,-9.577464788732394,-0.4500000000000002,39.0,321,-34,7900,24-Nov-2022,0.0,0.0,0.0,0,0,34,-20.32,0.0,0.0
37,2022-11-11 15:03:59,ULTRACEMCO,6825,28.712871287128714,-0.5499999999999998,40.69,130,29,8000,24-Nov-2022,0.0,0.0,0.0,0,0,-29,-20.32,0.0,0.0
13,2022-11-11 15:06:43,ULTRACEMCO,6825,0.0,0.0,0.0,0,0,5600,24-Nov-2022,0.0,0.0,0.0,12,0,0,-20.92,0.0,0.0
14,2022-11-11 15:06:43,ULTRACEMCO,6825,0.0,0.0,0.0,0,0,5700,24-Nov-2022,0.0,0.0,45.24,48,0,0,-20.92,0.0,0.0
15,2022-11-11 15:06:43,ULTRACEMCO,6825,0.0,0.0,0.0,1,0,5800,24-Nov-2022,-14.18918918918919,-0.7000000000000002,41.46,127,-21,-21,-20.92,0.0,0.0
16,2022-11-11 15:06:43,ULTRACEMCO,6825,0.0,0.0,0.0,0,0,5900,24-Nov-2022,-1.5151515151515151,-0.4500000000000002,39.58,65,-1,-1,-20.92,0.0,0.0
17,2022-11-11 15:06:43,ULTRACEMCO,6825,-28.125,-10.149999999999977,42.15,69,-27,6000,24-Nov-2022,-9.074410163339383,-0.3000000000000007,38.45,501,-50,-23,-20.92,0.0,0.0
18,2022-11-11 15:06:43,ULTRACEMCO,6825,0.0,0.0,0.0,5,0,6100,24-Nov-2022,-6.122448979591836,-1.0,35.79,230,-15,-15,-20.92,0.0,0.0
19,2022-11-11 15:06:43,ULTRACEMCO,6825,0.0,-53.35000000000002,24.88,37,0,6200,24-Nov-2022,-24.25629290617849,-1.6999999999999993,33.62,331,-106,-106,-20.92,0.0,0.0
20,2022-11-11 15:06:43,ULTRACEMCO,6825,0.0,0.0,0.0,134,0,6300,24-Nov-2022,-1.5695067264573992,-3.0999999999999996,31.32,439,-7,-7,-20.92,0.0,0.0
21,2022-11-11 15:06:43,ULTRACEMCO,6825,0.0,36.19999999999999,46.51,111,0,6400,24-Nov-2022,-8.565737051792828,-4.700000000000003,29.45,459,-43,-43,-20.92,0.0,0.0
22,2022-11-11 15:06:43,ULTRACEMCO,6825,-10.638297872340425,-26.450000000000045,25.56,168,-20,6500,24-Nov-2022,-4.790419161676646,-6.9999999999999964,27.85,636,-32,-12,-20.92,0.0,636.0
23,2022-11-11 15:06:43,ULTRACEMCO,6825,-0.45454545454545453,-5.350000000000023,29.84,219,-1,6600,24-Nov-2022,0.199203187250996,-9.549999999999997,26.34,503,1,2,-20.92,0.0,503.0
24,2022-11-11 15:06:43,ULTRACEMCO,6825,-2.05761316872428,-0.4000000000000057,29.92,238,-5,6700,24-Nov-2022,-0.37523452157598497,-11.200000000000003,25.42,531,-2,3,-20.92,0.0,531.0
25,2022-11-11 15:06:43,ULTRACEMCO,6825,12.110726643598616,-5.849999999999994,28.48,324,35,6800,24-Nov-2022,0.0,-13.700000000000003,24.46,421,0,-35,-20.92,0.0,0.0
26,2022-11-11 15:06:43,ULTRACEMCO,6825,13.961605584642234,-6.049999999999997,28.26,653,80,6900,24-Nov-2022,25.683060109289617,-14.650000000000006,24.55,230,47,-33,-20.92,0.0,0.0
27,2022-11-11 15:06:43,ULTRACEMCO,6825,6.829268292682927,-5.3500000000000085,28.33,1971,126,7000,24-Nov-2022,-11.504424778761061,-11.25,24.65,300,-39,-165,-20.92,1971.0,0.0
28,2022-11-11 15:06:43,ULTRACEMCO,6825,0.1362397820163488,-5.299999999999997,28.44,735,1,7100,24-Nov-2022,-9.090909090909092,47.85000000000002,28.0,40,-4,-5,-20.92,0.0,0.0
29,2022-11-11 15:06:43,ULTRACEMCO,6825,10.419026047565119,-4.699999999999996,28.66,975,92,7200,24-Nov-2022,0.0,0.0,19.11,6,0,-92,-20.92,975.0,0.0
30,2022-11-11 15:06:43,ULTRACEMCO,6825,4.724409448818897,-3.200000000000003,29.2,532,24,7300,24-Nov-2022,0.0,0.0,0.0,3,0,-24,-20.92,0.0,0.0
31,2022-11-11 15:06:43,ULTRACEMCO,6825,-2.4344569288389515,-1.9999999999999982,29.89,521,-13,7400,24-Nov-2022,0.0,0.0,0.0,2,0,13,-20.92,0.0,0.0
32,2022-11-11 15:06:43,ULTRACEMCO,6825,-9.47603121516165,-1.8999999999999986,31.36,812,-85,7500,24-Nov-2022,0.0,0.0,0.0,10,0,85,-20.92,812.0,0.0
33,2022-11-11 15:06:43,ULTRACEMCO,6825,1.8575851393188854,-1.299999999999999,32.99,329,6,7600,24-Nov-2022,0.0,0.0,0.0,0,0,-6,-20.92,0.0,0.0
34,2022-11-11 15:06:43,ULTRACEMCO,6825,3.763440860215054,-0.7999999999999998,34.73,193,7,7700,24-Nov-2022,0.0,0.0,0.0,0,0,-7,-20.92,0.0,0.0
35,2022-11-11 15:06:43,ULTRACEMCO,6825,18.75,-0.5999999999999996,36.93,228,36,7800,24-Nov-2022,0.0,0.0,0.0,0,0,-36,-20.92,0.0,0.0
36,2022-11-11 15:06:43,ULTRACEMCO,6825,-9.577464788732394,-0.5499999999999998,39.0,321,-34,7900,24-Nov-2022,0.0,0.0,0.0,0,0,34,-20.92,0.0,0.0
37,2022-11-11 15:06:43,ULTRACEMCO,6825,28.712871287128714,-0.5499999999999998,40.69,130,29,8000,24-Nov-2022,0.0,0.0,0.0,0,0,-29,-20.92,0.0,0.0
13,2022-11-11 15:09:49,ULTRACEMCO,6825,0.0,0.0,0.0,0,0,5600,24-Nov-2022,0.0,0.0,0.0,12,0,0,-21.4,0.0,0.0
14,2022-11-11 15:09:49,ULTRACEMCO,6825,0.0,0.0,0.0,0,0,5700,24-Nov-2022,0.0,0.0,45.24,48,0,0,-21.4,0.0,0.0
15,2022-11-11 15:09:49,ULTRACEMCO,6825,0.0,0.0,0.0,1,0,5800,24-Nov-2022,-14.18918918918919,-0.7000000000000002,41.46,127,-21,-21,-21.4,0.0,0.0
16,2022-11-11 15:09:49,ULTRACEMCO,6825,0.0,0.0,0.0,0,0,5900,24-Nov-2022,-1.5151515151515151,-0.4500000000000002,39.58,65,-1,-1,-21.4,0.0,0.0
17,2022-11-11 15:09:49,ULTRACEMCO,6825,-28.125,-10.149999999999977,42.15,69,-27,6000,24-Nov-2022,-9.074410163339383,-0.3000000000000007,38.45,501,-50,-23,-21.4,0.0,501.0
18,2022-11-11 15:09:49,ULTRACEMCO,6825,0.0,0.0,0.0,5,0,6100,24-Nov-2022,-8.16326530612245,-1.1999999999999993,35.79,225,-20,-20,-21.4,0.0,0.0
19,2022-11-11 15:09:49,ULTRACEMCO,6825,0.0,-53.35000000000002,24.88,37,0,6200,24-Nov-2022,-24.71395881006865,-1.9499999999999993,33.62,329,-108,-108,-21.4,0.0,0.0
20,2022-11-11 15:09:49,ULTRACEMCO,6825,0.0,0.0,0.0,134,0,6300,24-Nov-2022,-2.690582959641256,-3.049999999999999,31.32,434,-12,-12,-21.4,0.0,0.0
21,2022-11-11 15:09:49,ULTRACEMCO,6825,0.0,36.19999999999999,46.51,111,0,6400,24-Nov-2022,-8.565737051792828,-5.100000000000001,29.45,459,-43,-43,-21.4,0.0,0.0
22,2022-11-11 15:09:49,ULTRACEMCO,6825,-10.638297872340425,-26.450000000000045,25.56,168,-20,6500,24-Nov-2022,-4.191616766467066,-7.4999999999999964,27.85,640,-28,-8,-21.4,0.0,640.0
23,2022-11-11 15:09:49,ULTRACEMCO,6825,-0.45454545454545453,-5.350000000000023,29.84,219,-1,6600,24-Nov-2022,-0.199203187250996,-9.299999999999997,26.34,501,-1,0,-21.4,0.0,0.0
24,2022-11-11 15:09:49,ULTRACEMCO,6825,-2.05761316872428,-0.4000000000000057,29.92,238,-5,6700,24-Nov-2022,-0.5628517823639775,-11.200000000000003,25.42,530,-3,2,-21.4,0.0,530.0
25,2022-11-11 15:09:49,ULTRACEMCO,6825,12.110726643598616,-6.849999999999994,28.48,324,35,6800,24-Nov-2022,-0.4750593824228028,-12.700000000000003,24.46,419,-2,-37,-21.4,0.0,0.0
26,2022-11-11 15:09:49,ULTRACEMCO,6825,13.787085514834207,-7.599999999999994,28.26,652,79,6900,24-Nov-2022,25.683060109289617,-13.449999999999989,24.55,230,47,-32,-21.4,0.0,0.0
27,2022-11-11 15:09:49,ULTRACEMCO,6825,6.829268292682927,-4.3500000000000085,28.33,1971,126,7000,24-Nov-2022,-11.504424778761061,-13.950000000000017,24.65,300,-39,-165,-21.4,1971.0,0.0
28,2022-11-11 15:09:49,ULTRACEMCO,6825,0.1362397820163488,-4.899999999999999,28.44,735,1,7100,24-Nov-2022,-9.090909090909092,47.85000000000002,28.0,40,-4,-5,-21.4,0.0,0.0
29,2022-11-11 15:09:49,ULTRACEMCO,6825,10.758776896942242,-4.850000000000001,28.66,978,95,7200,24-Nov-2022,0.0,0.0,19.11,6,0,-95,-21.4,978.0,0.0
30,2022-11-11 15:09:49,ULTRACEMCO,6825,4.724409448818897,-2.950000000000003,29.2,532,24,7300,24-Nov-2022,0.0,0.0,0.0,3,0,-24,-21.4,0.0,0.0
31,2022-11-11 15:09:49,ULTRACEMCO,6825,-2.808988764044944,-1.8999999999999986,29.89,519,-15,7400,24-Nov-2022,0.0,0.0,0.0,2,0,15,-21.4,0.0,0.0
32,2022-11-11 15:09:49,ULTRACEMCO,6825,-9.47603121516165,-1.5999999999999996,31.36,812,-85,7500,24-Nov-2022,0.0,0.0,0.0,10,0,85,-21.4,812.0,0.0
33,2022-11-11 15:09:49,ULTRACEMCO,6825,1.238390092879257,-1.1999999999999993,32.99,327,4,7600,24-Nov-2022,0.0,0.0,0.0,0,0,-4,-21.4,0.0,0.0
34,2022-11-11 15:09:49,ULTRACEMCO,6825,3.763440860215054,-0.7999999999999998,34.73,193,7,7700,24-Nov-2022,0.0,0.0,0.0,0,0,-7,-21.4,0.0,0.0
35,2022-11-11 15:09:49,ULTRACEMCO,6825,19.270833333333332,-0.5999999999999996,36.93,229,37,7800,24-Nov-2022,0.0,0.0,0.0,0,0,-37,-21.4,0.0,0.0
36,2022-11-11 15:09:49,ULTRACEMCO,6825,-9.577464788732394,-0.5499999999999998,39.0,321,-34,7900,24-Nov-2022,0.0,0.0,0.0,0,0,34,-21.4,0.0,0.0
37,2022-11-11 15:09:49,ULTRACEMCO,6825,28.712871287128714,-0.5499999999999998,40.69,130,29,8000,24-Nov-2022,0.0,0.0,0.0,0,0,-29,-21.4,0.0,0.0
13,2022-11-11 15:12:45,ULTRACEMCO,6825,0.0,0.0,0.0,0,0,5600,24-Nov-2022,0.0,0.0,0.0,12,0,0,-21.2,0.0,0.0
14,2022-11-11 15:12:45,ULTRACEMCO,6825,0.0,0.0,0.0,0,0,5700,24-Nov-2022,0.0,0.0,45.15,48,0,0,-21.2,0.0,0.0
15,2022-11-11 15:12:45,ULTRACEMCO,6825,0.0,0.0,0.0,1,0,5800,24-Nov-2022,-14.18918918918919,-0.7000000000000002,41.37,127,-21,-21,-21.2,0.0,0.0
16,2022-11-11 15:12:45,ULTRACEMCO,6825,0.0,0.0,0.0,0,0,5900,24-Nov-2022,-1.5151515151515151,-0.4500000000000002,40.39,65,-1,-1,-21.2,0.0,0.0
17,2022-11-11 15:12:45,ULTRACEMCO,6825,-28.125,-10.149999999999977,44.28,69,-27,6000,24-Nov-2022,-9.074410163339383,-0.3000000000000007,38.34,501,-50,-23,-21.2,0.0,501.0
18,2022-11-11 15:12:45,ULTRACEMCO,6825,0.0,0.0,0.0,5,0,6100,24-Nov-2022,-7.755102040816326,-1.25,35.46,226,-19,-19,-21.2,0.0,0.0
19,2022-11-11 15:12:45,ULTRACEMCO,6825,0.0,-53.35000000000002,28.72,37,0,6200,24-Nov-2022,-24.71395881006865,-2.0,33.13,329,-108,-108,-21.2,0.0,0.0
20,2022-11-11 15:12:45,ULTRACEMCO,6825,0.0,0.0,0.0,134,0,6300,24-Nov-2022,-2.0179372197309418,-3.25,31.06,437,-9,-9,-21.2,0.0,0.0
21,2022-11-11 15:12:45,ULTRACEMCO,6825,0.0,36.19999999999999,47.14,111,0,6400,24-Nov-2022,-6.573705179282869,-4.600000000000001,29.0,469,-33,-33,-21.2,0.0,0.0
22,2022-11-11 15:12:45,ULTRACEMCO,6825,-10.638297872340425,-26.450000000000045,26.42,168,-20,6500,24-Nov-2022,-3.592814371257485,-6.799999999999997,27.56,644,-24,-4,-21.2,0.0,644.0
23,2022-11-11 15:12:45,ULTRACEMCO,6825,-0.45454545454545453,-5.350000000000023,30.37,219,-1,6600,24-Nov-2022,-1.593625498007968,-8.949999999999996,26.4,494,-8,-7,-21.2,0.0,0.0
24,2022-11-11 15:12:45,ULTRACEMCO,6825,-1.646090534979424,-3.5500000000000114,30.32,239,-4,6700,24-Nov-2022,-0.5628517823639775,-11.400000000000006,25.59,530,-3,1,-21.2,0.0,530.0
25,2022-11-11 15:12:45,ULTRACEMCO,6825,13.84083044982699,-8.449999999999989,28.41,329,40,6800,24-Nov-2022,-0.4750593824228028,-11.450000000000003,24.83,419,-2,-42,-21.2,0.0,0.0
26,2022-11-11 15:12:45,ULTRACEMCO,6825,12.914485165794066,-7.5,28.07,647,74,6900,24-Nov-2022,25.683060109289617,-11.349999999999994,24.35,230,47,-27,-21.2,0.0,0.0
27,2022-11-11 15:12:45,ULTRACEMCO,6825,6.504065040650406,-6.299999999999997,28.68,1965,120,7000,24-Nov-2022,-11.504424778761061,-9.100000000000023,24.0,300,-39,-159,-21.2,1965.0,0.0
28,2022-11-11 15:12:45,ULTRACEMCO,6825,0.8174386920980926,-5.399999999999999,28.61,740,6,7100,24-Nov-2022,-9.090909090909092,47.85000000000002,27.44,40,-4,-10,-21.2,0.0,0.0
29,2022-11-11 15:12:45,ULTRACEMCO,6825,10.758776896942242,-4.799999999999997,28.53,978,95,7200,24-Nov-2022,0.0,0.0,17.47,6,0,-95,-21.2,978.0,0.0
30,2022-11-11 15:12:45,ULTRACEMCO,6825,4.724409448818897,-3.3000000000000007,29.29,532,24,7300,24-Nov-2022,0.0,0.0,0.0,3,0,-24,-21.2,0.0,0.0
31,2022-11-11 15:12:45,ULTRACEMCO,6825,-2.247191011235955,-2.299999999999999,30.1,522,-12,7400,24-Nov-2022,0.0,0.0,0.0,2,0,12,-21.2,0.0,0.0
32,2022-11-11 15:12:45,ULTRACEMCO,6825,-9.47603121516165,-1.8499999999999996,31.26,812,-85,7500,24-Nov-2022,0.0,0.0,0.0,10,0,85,-21.2,812.0,0.0
33,2022-11-11 15:12:45,ULTRACEMCO,6825,1.8575851393188854,-1.3999999999999995,32.74,329,6,7600,24-Nov-2022,0.0,0.0,0.0,0,0,-6,-21.2,0.0,0.0
34,2022-11-11 15:12:45,ULTRACEMCO,6825,4.301075268817204,-1.0,34.84,194,8,7700,24-Nov-2022,0.0,0.0,0.0,0,0,-8,-21.2,0.0,0.0
35,2022-11-11 15:12:45,ULTRACEMCO,6825,19.270833333333332,-0.7000000000000002,36.7,229,37,7800,24-Nov-2022,0.0,0.0,0.0,0,0,-37,-21.2,0.0,0.0
36,2022-11-11 15:12:45,ULTRACEMCO,6825,-9.577464788732394,-0.5499999999999998,38.98,321,-34,7900,24-Nov-2022,0.0,0.0,0.0,0,0,34,-21.2,0.0,0.0
37,2022-11-11 15:12:45,ULTRACEMCO,6825,28.712871287128714,-0.5499999999999998,40.49,130,29,8000,24-Nov-2022,0.0,0.0,0.0,0,0,-29,-21.2,0.0,0.0
13,2022-11-11 15:15:48,ULTRACEMCO,6825,0.0,0.0,0.0,0,0,5600,24-Nov-2022,0.0,0.0,0.0,12,0,0,-22.12,0.0,0.0
14,2022-11-11 15:15:48,ULTRACEMCO,6825,0.0,0.0,0.0,0,0,5700,24-Nov-2022,0.0,0.0,45.15,48,0,0,-22.12,0.0,0.0
15,2022-11-11 15:15:48,ULTRACEMCO,6825,0.0,0.0,0.0,1,0,5800,24-Nov-2022,-14.18918918918919,-0.7000000000000002,41.37,127,-21,-21,-22.12,0.0,0.0
16,2022-11-11 15:15:48,ULTRACEMCO,6825,0.0,0.0,0.0,0,0,5900,24-Nov-2022,-1.5151515151515151,-0.4500000000000002,40.39,65,-1,-1,-22.12,0.0,0.0
17,2022-11-11 15:15:48,ULTRACEMCO,6825,-28.125,-10.149999999999977,44.28,69,-27,6000,24-Nov-2022,-9.074410163339383,-0.3000000000000007,38.34,501,-50,-23,-22.12,0.0,501.0
18,2022-11-11 15:15:48,ULTRACEMCO,6825,0.0,0.0,0.0,5,0,6100,24-Nov-2022,-7.755102040816326,-1.0999999999999996,35.46,226,-19,-19,-22.12,0.0,0.0
19,2022-11-11 15:15:48,ULTRACEMCO,6825,0.0,-53.35000000000002,28.72,37,0,6200,24-Nov-2022,-24.71395881006865,-1.799999999999999,33.13,329,-108,-108,-22.12,0.0,0.0
20,2022-11-11 15:15:48,ULTRACEMCO,6825,0.0,0.0,0.0,134,0,6300,24-Nov-2022,-2.0179372197309418,-2.6499999999999986,31.06,437,-9,-9,-22.12,0.0,0.0
21,2022-11-11 15:15:48,ULTRACEMCO,6825,0.0,36.19999999999999,47.14,111,0,6400,24-Nov-2022,-6.573705179282869,-4.5,29.0,469,-33,-33,-22.12,0.0,0.0
22,2022-11-11 15:15:48,ULTRACEMCO,6825,-10.638297872340425,-26.450000000000045,26.42,168,-20,6500,24-Nov-2022,-3.592814371257485,-6.399999999999999,27.56,644,-24,-4,-22.12,0.0,644.0
23,2022-11-11 15:15:48,ULTRACEMCO,6825,-0.45454545454545453,-5.350000000000023,30.37,219,-1,6600,24-Nov-2022,-2.589641434262948,-8.199999999999996,26.4,489,-13,-12,-22.12,0.0,0.0
24,2022-11-11 15:15:48,ULTRACEMCO,6825,-1.646090534979424,-3.5500000000000114,30.32,239,-4,6700,24-Nov-2022,-0.9380863039399625,-9.900000000000006,25.59,528,-5,-1,-22.12,0.0,528.0
25,2022-11-11 15:15:48,ULTRACEMCO,6825,13.494809688581315,-9.849999999999994,28.41,328,39,6800,24-Nov-2022,-0.4750593824228028,-11.799999999999997,24.83,419,-2,-41,-22.12,0.0,0.0
26,2022-11-11 15:15:48,ULTRACEMCO,6825,13.43804537521815,-8.599999999999994,28.07,650,77,6900,24-Nov-2022,22.950819672131146,-10.150000000000006,24.35,225,42,-35,-22.12,0.0,0.0
27,2022-11-11 15:15:48,ULTRACEMCO,6825,6.558265582655826,-7.150000000000006,28.68,1966,121,7000,24-Nov-2022,-11.504424778761061,-7.800000000000011,24.0,300,-39,-160,-22.12,1966.0,0.0
28,2022-11-11 15:15:48,ULTRACEMCO,6825,0.4087193460490463,-6.299999999999997,28.61,737,3,7100,24-Nov-2022,-9.090909090909092,47.85000000000002,27.44,40,-4,-7,-22.12,0.0,0.0
29,2022-11-11 15:15:48,ULTRACEMCO,6825,11.89127972819932,-5.649999999999999,28.53,988,105,7200,24-Nov-2022,0.0,0.0,17.47,6,0,-105,-22.12,988.0,0.0
30,2022-11-11 15:15:48,ULTRACEMCO,6825,4.921259842519685,-3.700000000000003,29.29,533,25,7300,24-Nov-2022,0.0,0.0,0.0,3,0,-25,-22.12,0.0,0.0
31,2022-11-11 15:15:48,ULTRACEMCO,6825,-2.059925093632959,-2.6499999999999986,30.1,523,-11,7400,24-Nov-2022,0.0,0.0,0.0,2,0,11,-22.12,0.0,0.0
32,2022-11-11 15:15:48,ULTRACEMCO,6825,-9.47603121516165,-1.8499999999999996,31.26,812,-85,7500,24-Nov-2022,0.0,0.0,0.0,10,0,85,-22.12,812.0,0.0
33,2022-11-11 15:15:48,ULTRACEMCO,6825,1.5479876160990713,-1.4499999999999993,32.74,328,5,7600,24-Nov-2022,0.0,0.0,0.0,0,0,-5,-22.12,0.0,0.0
34,2022-11-11 15:15:48,ULTRACEMCO,6825,4.301075268817204,-1.2999999999999998,34.84,194,8,7700,24-Nov-2022,0.0,0.0,0.0,0,0,-8,-22.12,0.0,0.0
35,2022-11-11 15:15:48,ULTRACEMCO,6825,19.270833333333332,-0.7000000000000002,36.7,229,37,7800,24-Nov-2022,0.0,0.0,0.0,0,0,-37,-22.12,0.0,0.0
36,2022-11-11 15:15:48,ULTRACEMCO,6825,-9.577464788732394,-0.7999999999999998,38.98,321,-34,7900,24-Nov-2022,0.0,0.0,0.0,0,0,34,-22.12,0.0,0.0
37,2022-11-11 15:15:48,ULTRACEMCO,6825,28.712871287128714,-0.7499999999999996,40.49,130,29,8000,24-Nov-2022,0.0,0.0,0.0,0,0,-29,-22.12,0.0,0.0
13,2022-11-11 15:18:59,ULTRACEMCO,6825,0.0,0.0,0.0,0,0,5600,24-Nov-2022,0.0,0.0,0.0,12,0,0,-22.36,0.0,0.0
14,2022-11-11 15:18:59,ULTRACEMCO,6825,0.0,0.0,0.0,0,0,5700,24-Nov-2022,0.0,0.0,45.15,48,0,0,-22.36,0.0,0.0
15,2022-11-11 15:18:59,ULTRACEMCO,6825,0.0,0.0,0.0,1,0,5800,24-Nov-2022,-14.18918918918919,-0.7000000000000002,41.37,127,-21,-21,-22.36,0.0,0.0
16,2022-11-11 15:18:59,ULTRACEMCO,6825,0.0,0.0,0.0,0,0,5900,24-Nov-2022,-1.5151515151515151,-0.4500000000000002,40.39,65,-1,-1,-22.36,0.0,0.0
17,2022-11-11 15:18:59,ULTRACEMCO,6825,-28.125,-10.149999999999977,44.28,69,-27,6000,24-Nov-2022,-9.074410163339383,-0.3000000000000007,38.34,501,-50,-23,-22.36,0.0,501.0
18,2022-11-11 15:18:59,ULTRACEMCO,6825,0.0,0.0,0.0,5,0,6100,24-Nov-2022,-7.755102040816326,-1.0,35.46,226,-19,-19,-22.36,0.0,0.0
19,2022-11-11 15:18:59,ULTRACEMCO,6825,0.0,-53.35000000000002,28.72,37,0,6200,24-Nov-2022,-24.71395881006865,-1.5,33.13,329,-108,-108,-22.36,0.0,0.0
20,2022-11-11 15:18:59,ULTRACEMCO,6825,0.0,0.0,0.0,134,0,6300,24-Nov-2022,-2.242152466367713,-2.6499999999999986,31.06,436,-10,-10,-22.36,0.0,0.0
21,2022-11-11 15:18:59,ULTRACEMCO,6825,0.0,36.19999999999999,47.14,111,0,6400,24-Nov-2022,-6.573705179282869,-4.350000000000001,29.0,469,-33,-33,-22.36,0.0,0.0
22,2022-11-11 15:18:59,ULTRACEMCO,6825,-10.638297872340425,-26.450000000000045,26.42,168,-20,6500,24-Nov-2022,-3.592814371257485,-6.349999999999998,27.56,644,-24,-4,-22.36,0.0,644.0
23,2022-11-11 15:18:59,ULTRACEMCO,6825,-0.45454545454545453,-5.350000000000023,30.37,219,-1,6600,24-Nov-2022,-3.3864541832669324,-7.850000000000001,26.4,485,-17,-16,-22.36,0.0,0.0
24,2022-11-11 15:18:59,ULTRACEMCO,6825,-1.646090534979424,-3.5500000000000114,30.32,239,-4,6700,24-Nov-2022,-1.3133208255159474,-10.5,25.59,526,-7,-3,-22.36,0.0,526.0
25,2022-11-11 15:18:59,ULTRACEMCO,6825,12.110726643598616,-10.549999999999983,28.41,324,35,6800,24-Nov-2022,-0.4750593824228028,-11.799999999999997,24.83,419,-2,-37,-22.36,0.0,0.0
26,2022-11-11 15:18:59,ULTRACEMCO,6825,12.739965095986038,-10.5,28.07,646,73,6900,24-Nov-2022,22.950819672131146,-9.0,24.35,225,42,-31,-22.36,0.0,0.0
27,2022-11-11 15:18:59,ULTRACEMCO,6825,6.775067750677507,-8.0,28.68,1970,125,7000,24-Nov-2022,-11.504424778761061,-7.800000000000011,24.0,300,-39,-164,-22.36,1970.0,0.0
28,2022-11-11 15:18:59,ULTRACEMCO,6825,0.9536784741144414,-7.049999999999997,28.61,741,7,7100,24-Nov-2022,-9.090909090909092,47.85000000000002,27.44,40,-4,-11,-22.36,0.0,0.0
29,2022-11-11 15:18:59,ULTRACEMCO,6825,11.778029445073612,-5.899999999999999,28.53,987,104,7200,24-Nov-2022,0.0,18.69999999999999,17.47,6,0,-104,-22.36,987.0,0.0
30,2022-11-11 15:18:59,ULTRACEMCO,6825,4.724409448818897,-4.25,29.29,532,24,7300,24-Nov-2022,0.0,0.0,0.0,3,0,-24,-22.36,0.0,0.0
31,2022-11-11 15:18:59,ULTRACEMCO,6825,-1.6853932584269662,-2.799999999999999,30.1,525,-9,7400,24-Nov-2022,0.0,0.0,0.0,2,0,9,-22.36,0.0,0.0
32,2022-11-11 15:18:59,ULTRACEMCO,6825,-9.810479375696767,-2.25,31.26,809,-88,7500,24-Nov-2022,0.0,0.0,0.0,10,0,88,-22.36,809.0,0.0
33,2022-11-11 15:18:59,ULTRACEMCO,6825,1.8575851393188854,-1.549999999999999,32.74,329,6,7600,24-Nov-2022,0.0,0.0,0.0,0,0,-6,-22.36,0.0,0.0
34,2022-11-11 15:18:59,ULTRACEMCO,6825,4.301075268817204,-1.2999999999999998,34.84,194,8,7700,24-Nov-2022,0.0,0.0,0.0,0,0,-8,-22.36,0.0,0.0
35,2022-11-11 15:18:59,ULTRACEMCO,6825,19.270833333333332,-0.7000000000000002,36.7,229,37,7800,24-Nov-2022,0.0,0.0,0.0,0,0,-37,-22.36,0.0,0.0
36,2022-11-11 15:18:59,ULTRACEMCO,6825,-9.295774647887324,-0.7999999999999998,38.98,322,-33,7900,24-Nov-2022,0.0,0.0,0.0,0,0,33,-22.36,0.0,0.0
37,2022-11-11 15:18:59,ULTRACEMCO,6825,28.712871287128714,-0.7499999999999996,40.49,130,29,8000,24-Nov-2022,0.0,0.0,0.0,0,0,-29,-22.36,0.0,0.0
13,2022-11-11 15:21:41,ULTRACEMCO,6825,0.0,0.0,0.0,0,0,5600,24-Nov-2022,0.0,0.0,0.0,12,0,0,-21.76,0.0,0.0
14,2022-11-11 15:21:41,ULTRACEMCO,6825,0.0,0.0,0.0,0,0,5700,24-Nov-2022,0.0,0.0,45.11,48,0,0,-21.76,0.0,0.0
15,2022-11-11 15:21:41,ULTRACEMCO,6825,0.0,0.0,0.0,1,0,5800,24-Nov-2022,-14.18918918918919,-0.7000000000000002,41.33,127,-21,-21,-21.76,0.0,0.0
16,2022-11-11 15:21:41,ULTRACEMCO,6825,0.0,0.0,0.0,0,0,5900,24-Nov-2022,-1.5151515151515151,-0.4500000000000002,40.35,65,-1,-1,-21.76,0.0,0.0
17,2022-11-11 15:21:41,ULTRACEMCO,6825,-28.125,-10.149999999999977,45.09,69,-27,6000,24-Nov-2022,-9.074410163339383,-0.3000000000000007,38.3,501,-50,-23,-21.76,0.0,501.0
18,2022-11-11 15:21:41,ULTRACEMCO,6825,0.0,0.0,0.0,5,0,6100,24-Nov-2022,-7.755102040816326,-1.0,35.59,226,-19,-19,-21.76,0.0,0.0
19,2022-11-11 15:21:41,ULTRACEMCO,6825,0.0,-53.35000000000002,29.88,37,0,6200,24-Nov-2022,-24.71395881006865,-1.5999999999999996,33.39,329,-108,-108,-21.76,0.0,0.0
20,2022-11-11 15:21:41,ULTRACEMCO,6825,0.0,0.0,0.0,134,0,6300,24-Nov-2022,-2.242152466367713,-2.8499999999999996,31.22,436,-10,-10,-21.76,0.0,0.0
21,2022-11-11 15:21:41,ULTRACEMCO,6825,0.0,36.19999999999999,47.39,111,0,6400,24-Nov-2022,-6.573705179282869,-4.300000000000001,29.25,469,-33,-33,-21.76,0.0,0.0
22,2022-11-11 15:21:41,ULTRACEMCO,6825,-10.638297872340425,-26.450000000000045,26.77,168,-20,6500,24-Nov-2022,-2.844311377245509,-6.349999999999998,27.86,649,-19,1,-21.76,0.0,649.0
23,2022-11-11 15:21:41,ULTRACEMCO,6825,-0.45454545454545453,-5.350000000000023,30.59,219,-1,6600,24-Nov-2022,-3.3864541832669324,-8.699999999999996,26.57,485,-17,-16,-21.76,0.0,0.0
24,2022-11-11 15:21:41,ULTRACEMCO,6825,-1.646090534979424,-3.5500000000000114,29.83,239,-4,6700,24-Nov-2022,-1.3133208255159474,-11.950000000000003,25.65,526,-7,-3,-21.76,0.0,526.0
25,2022-11-11 15:21:41,ULTRACEMCO,6825,12.110726643598616,-9.599999999999994,27.82,324,35,6800,24-Nov-2022,-0.4750593824228028,-13.75,24.89,419,-2,-37,-21.76,0.0,0.0
26,2022-11-11 15:21:41,ULTRACEMCO,6825,12.739965095986038,-9.049999999999997,27.89,646,73,6900,24-Nov-2022,22.950819672131146,-9.0,25.09,225,42,-31,-21.76,0.0,0.0
27,2022-11-11 15:21:41,ULTRACEMCO,6825,6.720867208672087,-6.799999999999997,28.25,1969,124,7000,24-Nov-2022,-11.799410029498524,-11.100000000000023,25.16,299,-40,-164,-21.76,1969.0,0.0
28,2022-11-11 15:21:41,ULTRACEMCO,6825,0.4087193460490463,-6.649999999999999,28.2,737,3,7100,24-Nov-2022,-9.090909090909092,47.85000000000002,27.2,40,-4,-7,-21.76,0.0,0.0
29,2022-11-11 15:21:41,ULTRACEMCO,6825,11.778029445073612,-5.299999999999997,28.35,987,104,7200,24-Nov-2022,0.0,18.69999999999999,25.28,6,0,-104,-21.76,987.0,0.0
30,2022-11-11 15:21:41,ULTRACEMCO,6825,3.7401574803149606,-3.950000000000003,28.94,527,19,7300,24-Nov-2022,0.0,0.0,0.0,3,0,-19,-21.76,0.0,0.0
31,2022-11-11 15:21:41,ULTRACEMCO,6825,-1.6853932584269662,-2.549999999999999,29.85,525,-9,7400,24-Nov-2022,0.0,0.0,0.0,2,0,9,-21.76,0.0,0.0
32,2022-11-11 15:21:41,ULTRACEMCO,6825,-9.810479375696767,-2.1999999999999993,30.91,809,-88,7500,24-Nov-2022,0.0,0.0,0.0,10,0,88,-21.76,809.0,0.0
33,2022-11-11 15:21:41,ULTRACEMCO,6825,1.8575851393188854,-1.549999999999999,32.5,329,6,7600,24-Nov-2022,0.0,0.0,0.0,0,0,-6,-21.76,0.0,0.0
34,2022-11-11 15:21:41,ULTRACEMCO,6825,3.763440860215054,-1.2999999999999998,34.4,193,7,7700,24-Nov-2022,0.0,0.0,0.0,0,0,-7,-21.76,0.0,0.0
35,2022-11-11 15:21:41,ULTRACEMCO,6825,19.270833333333332,-0.8999999999999995,36.63,229,37,7800,24-Nov-2022,0.0,0.0,0.0,0,0,-37,-21.76,0.0,0.0
36,2022-11-11 15:21:41,ULTRACEMCO,6825,-9.295774647887324,-0.7999999999999998,38.7,322,-33,7900,24-Nov-2022,0.0,0.0,0.0,0,0,33,-21.76,0.0,0.0
37,2022-11-11 15:21:41,ULTRACEMCO,6825,28.712871287128714,-0.7499999999999996,40.22,130,29,8000,24-Nov-2022,0.0,0.0,0.0,0,0,-29,-21.76,0.0,0.0
13,2022-11-11 15:24:55,ULTRACEMCO,6825,0.0,0.0,0.0,0,0,5600,24-Nov-2022,0.0,0.0,0.0,12,0,0,-20.12,0.0,0.0
14,2022-11-11 15:24:55,ULTRACEMCO,6825,0.0,0.0,0.0,0,0,5700,24-Nov-2022,0.0,0.0,45.11,48,0,0,-20.12,0.0,0.0
15,2022-11-11 15:24:55,ULTRACEMCO,6825,0.0,0.0,0.0,1,0,5800,24-Nov-2022,-14.18918918918919,-0.7000000000000002,41.33,127,-21,-21,-20.12,0.0,0.0
16,2022-11-11 15:24:55,ULTRACEMCO,6825,0.0,0.0,0.0,0,0,5900,24-Nov-2022,-1.5151515151515151,-0.4500000000000002,40.35,65,-1,-1,-20.12,0.0,0.0
17,2022-11-11 15:24:55,ULTRACEMCO,6825,-28.125,-10.149999999999977,45.09,69,-27,6000,24-Nov-2022,-9.074410163339383,-0.3000000000000007,38.3,501,-50,-23,-20.12,0.0,501.0
18,2022-11-11 15:24:55,ULTRACEMCO,6825,0.0,0.0,0.0,5,0,6100,24-Nov-2022,-6.938775510204081,-1.25,35.59,228,-17,-17,-20.12,0.0,0.0
19,2022-11-11 15:24:55,ULTRACEMCO,6825,0.0,-53.35000000000002,29.88,37,0,6200,24-Nov-2022,-22.65446224256293,-1.75,33.39,338,-99,-99,-20.12,0.0,0.0
20,2022-11-11 15:24:55,ULTRACEMCO,6825,0.0,0.0,0.0,134,0,6300,24-Nov-2022,-2.242152466367713,-3.049999999999999,31.22,436,-10,-10,-20.12,0.0,0.0
21,2022-11-11 15:24:55,ULTRACEMCO,6825,0.0,36.19999999999999,47.39,111,0,6400,24-Nov-2022,-6.374501992031872,-4.850000000000001,29.25,470,-32,-32,-20.12,0.0,0.0
22,2022-11-11 15:24:55,ULTRACEMCO,6825,-10.638297872340425,-26.450000000000045,26.77,168,-20,6500,24-Nov-2022,-2.844311377245509,-7.349999999999998,27.86,649,-19,1,-20.12,0.0,649.0
23,2022-11-11 15:24:55,ULTRACEMCO,6825,-0.45454545454545453,-5.350000000000023,30.59,219,-1,6600,24-Nov-2022,-4.382470119521912,-10.25,26.57,480,-22,-21,-20.12,0.0,0.0
24,2022-11-11 15:24:55,ULTRACEMCO,6825,-1.646090534979424,-3.5500000000000114,29.83,239,-4,6700,24-Nov-2022,-1.6885553470919326,-12.900000000000006,25.65,524,-9,-5,-20.12,0.0,524.0
25,2022-11-11 15:24:55,ULTRACEMCO,6825,10.034602076124568,-8.549999999999983,27.82,318,29,6800,24-Nov-2022,-0.9501187648456056,-15.299999999999997,24.89,417,-4,-33,-20.12,0.0,0.0
26,2022-11-11 15:24:55,ULTRACEMCO,6825,11.8673647469459,-8.75,27.89,641,68,6900,24-Nov-2022,22.950819672131146,-13.349999999999994,25.09,225,42,-26,-20.12,0.0,0.0
27,2022-11-11 15:24:55,ULTRACEMCO,6825,6.612466124661246,-7.299999999999997,28.25,1967,122,7000,24-Nov-2022,-11.799410029498524,-11.100000000000023,25.16,299,-40,-162,-20.12,1967.0,0.0
28,2022-11-11 15:24:55,ULTRACEMCO,6825,0.8174386920980926,-6.799999999999997,28.2,740,6,7100,24-Nov-2022,-9.090909090909092,47.85000000000002,27.2,40,-4,-10,-20.12,0.0,0.0
29,2022-11-11 15:24:55,ULTRACEMCO,6825,9.85277463193658,-5.299999999999997,28.35,970,87,7200,24-Nov-2022,0.0,18.69999999999999,25.28,6,0,-87,-20.12,970.0,0.0
30,2022-11-11 15:24:55,ULTRACEMCO,6825,2.559055118110236,-3.75,28.94,521,13,7300,24-Nov-2022,0.0,0.0,0.0,3,0,-13,-20.12,0.0,0.0
31,2022-11-11 15:24:55,ULTRACEMCO,6825,-1.6853932584269662,-2.4499999999999993,29.85,525,-9,7400,24-Nov-2022,0.0,0.0,0.0,2,0,9,-20.12,0.0,0.0
32,2022-11-11 15:24:55,ULTRACEMCO,6825,-10.367892976588628,-2.3499999999999996,30.91,804,-93,7500,24-Nov-2022,0.0,0.0,0.0,10,0,93,-20.12,804.0,0.0
33,2022-11-11 15:24:55,ULTRACEMCO,6825,1.8575851393188854,-1.5999999999999996,32.5,329,6,7600,24-Nov-2022,0.0,0.0,0.0,0,0,-6,-20.12,0.0,0.0
34,2022-11-11 15:24:55,ULTRACEMCO,6825,3.763440860215054,-1.2999999999999998,34.4,193,7,7700,24-Nov-2022,0.0,0.0,0.0,0,0,-7,-20.12,0.0,0.0
35,2022-11-11 15:24:55,ULTRACEMCO,6825,19.791666666666668,-0.8999999999999995,36.63,230,38,7800,24-Nov-2022,0.0,0.0,0.0,0,0,-38,-20.12,0.0,0.0
36,2022-11-11 15:24:55,ULTRACEMCO,6825,-9.577464788732394,-1.0,38.7,321,-34,7900,24-Nov-2022,0.0,0.0,0.0,0,0,34,-20.12,0.0,0.0
37,2022-11-11 15:24:55,ULTRACEMCO,6825,28.712871287128714,-0.7499999999999996,40.22,130,29,8000,24-Nov-2022,0.0,0.0,0.0,0,0,-29,-20.12,0.0,0.0
13,2022-11-11 15:27:56,ULTRACEMCO,6825,0.0,0.0,0.0,0,0,5600,24-Nov-2022,0.0,0.0,0.0,12,0,0,-20.12,0.0,0.0
14,2022-11-11 15:27:56,ULTRACEMCO,6825,0.0,0.0,0.0,0,0,5700,24-Nov-2022,0.0,0.0,45.11,48,0,0,-20.12,0.0,0.0
15,2022-11-11 15:27:56,ULTRACEMCO,6825,0.0,0.0,0.0,1,0,5800,24-Nov-2022,-14.18918918918919,-0.7000000000000002,41.33,127,-21,-21,-20.12,0.0,0.0
16,2022-11-11 15:27:56,ULTRACEMCO,6825,0.0,0.0,0.0,0,0,5900,24-Nov-2022,-1.5151515151515151,0.0,40.35,65,-1,-1,-20.12,0.0,0.0
17,2022-11-11 15:27:56,ULTRACEMCO,6825,-28.125,-10.149999999999977,45.09,69,-27,6000,24-Nov-2022,-9.074410163339383,-0.40000000000000036,38.3,501,-50,-23,-20.12,0.0,501.0
18,2022-11-11 15:27:56,ULTRACEMCO,6825,0.0,0.0,0.0,5,0,6100,24-Nov-2022,-4.489795918367347,-0.9499999999999993,35.59,234,-11,-11,-20.12,0.0,0.0
19,2022-11-11 15:27:56,ULTRACEMCO,6825,0.0,-53.35000000000002,29.88,37,0,6200,24-Nov-2022,-21.96796338672769,-1.4499999999999993,33.39,341,-96,-96,-20.12,0.0,0.0
20,2022-11-11 15:27:56,ULTRACEMCO,6825,0.0,0.0,0.0,134,0,6300,24-Nov-2022,-2.0179372197309418,-2.9499999999999993,31.22,437,-9,-9,-20.12,0.0,0.0
21,2022-11-11 15:27:56,ULTRACEMCO,6825,0.0,36.19999999999999,47.39,111,0,6400,24-Nov-2022,-6.972111553784861,-5.200000000000003,29.25,467,-35,-35,-20.12,0.0,0.0
22,2022-11-11 15:27:56,ULTRACEMCO,6825,-10.638297872340425,-26.450000000000045,26.77,168,-20,6500,24-Nov-2022,-2.844311377245509,-8.449999999999996,27.86,649,-19,1,-20.12,0.0,649.0
23,2022-11-11 15:27:56,ULTRACEMCO,6825,-0.45454545454545453,-5.350000000000023,30.59,219,-1,6600,24-Nov-2022,-5.577689243027889,-11.649999999999999,26.57,474,-28,-27,-20.12,0.0,0.0
24,2022-11-11 15:27:56,ULTRACEMCO,6825,-1.646090534979424,-3.5500000000000114,29.83,239,-4,6700,24-Nov-2022,-1.3133208255159474,-14.0,25.65,526,-7,-3,-20.12,0.0,526.0
25,2022-11-11 15:27:56,ULTRACEMCO,6825,10.034602076124568,-6.5,27.82,318,29,6800,24-Nov-2022,-1.187648456057007,-17.049999999999997,24.89,416,-5,-34,-20.12,0.0,0.0
26,2022-11-11 15:27:56,ULTRACEMCO,6825,11.8673647469459,-5.75,27.89,641,68,6900,24-Nov-2022,22.950819672131146,-19.349999999999994,25.09,225,42,-26,-20.12,0.0,0.0
27,2022-11-11 15:27:56,ULTRACEMCO,6825,6.666666666666667,-4.950000000000003,28.25,1968,123,7000,24-Nov-2022,-11.799410029498524,-11.100000000000023,25.16,299,-40,-163,-20.12,1968.0,0.0
28,2022-11-11 15:27:56,ULTRACEMCO,6825,1.3623978201634876,-5.299999999999997,28.2,744,10,7100,24-Nov-2022,-9.090909090909092,47.85000000000002,27.2,40,-4,-14,-20.12,0.0,0.0
29,2022-11-11 15:27:56,ULTRACEMCO,6825,10.192525481313703,-4.649999999999999,28.35,973,90,7200,24-Nov-2022,0.0,18.69999999999999,25.28,6,0,-90,-20.12,973.0,0.0
30,2022-11-11 15:27:56,ULTRACEMCO,6825,2.559055118110236,-3.1000000000000014,28.94,521,13,7300,24-Nov-2022,0.0,0.0,0.0,3,0,-13,-20.12,0.0,0.0
31,2022-11-11 15:27:56,ULTRACEMCO,6825,-1.4981273408239701,-2.2499999999999982,29.85,526,-8,7400,24-Nov-2022,0.0,0.0,0.0,2,0,8,-20.12,0.0,0.0
32,2022-11-11 15:27:56,ULTRACEMCO,6825,-10.925306577480491,-1.799999999999999,30.91,799,-98,7500,24-Nov-2022,0.0,0.0,0.0,10,0,98,-20.12,799.0,0.0
33,2022-11-11 15:27:56,ULTRACEMCO,6825,1.8575851393188854,-1.299999999999999,32.5,329,6,7600,24-Nov-2022,0.0,0.0,0.0,0,0,-6,-20.12,0.0,0.0
34,2022-11-11 15:27:56,ULTRACEMCO,6825,3.763440860215054,-1.0,34.4,193,7,7700,24-Nov-2022,0.0,0.0,0.0,0,0,-7,-20.12,0.0,0.0
35,2022-11-11 15:27:56,ULTRACEMCO,6825,20.833333333333332,-0.7000000000000002,36.63,232,40,7800,24-Nov-2022,0.0,0.0,0.0,0,0,-40,-20.12,0.0,0.0
36,2022-11-11 15:27:56,ULTRACEMCO,6825,-10.704225352112676,-0.6500000000000004,38.7,317,-38,7900,24-Nov-2022,0.0,0.0,0.0,0,0,38,-20.12,0.0,0.0
37,2022-11-11 15:27:56,ULTRACEMCO,6825,28.712871287128714,-0.5999999999999996,40.22,130,29,8000,24-Nov-2022,0.0,0.0,0.0,0,0,-29,-20.12,0.0,0.0
13,2022-11-11 15:31:03,ULTRACEMCO,6850,0.0,0.0,0.0,0,0,5600,24-Nov-2022,0.0,0.0,0.0,12,0,0,-18.72,0.0,0.0
14,2022-11-11 15:31:03,ULTRACEMCO,6850,0.0,0.0,0.0,0,0,5700,24-Nov-2022,0.0,0.0,0.0,48,0,0,-18.72,0.0,0.0
15,2022-11-11 15:31:03,ULTRACEMCO,6850,0.0,0.0,0.0,1,0,5800,24-Nov-2022,-14.18918918918919,-0.7000000000000002,0.0,127,-21,-21,-18.72,0.0,0.0
16,2022-11-11 15:31:03,ULTRACEMCO,6850,0.0,0.0,0.0,0,0,5900,24-Nov-2022,16.666666666666668,-0.20000000000000018,0.0,77,11,11,-18.72,0.0,0.0
17,2022-11-11 15:31:03,ULTRACEMCO,6850,-28.125,-10.149999999999977,0.0,69,-27,6000,24-Nov-2022,-9.437386569872958,-0.9000000000000004,0.0,499,-52,-25,-18.72,0.0,499.0
18,2022-11-11 15:31:03,ULTRACEMCO,6850,0.0,0.0,0.0,5,0,6100,24-Nov-2022,-4.489795918367347,-0.9499999999999993,0.0,234,-11,-11,-18.72,0.0,0.0
19,2022-11-11 15:31:03,ULTRACEMCO,6850,0.0,-53.35000000000002,0.0,37,0,6200,24-Nov-2022,-21.51029748283753,-1.4499999999999993,34.25,343,-94,-94,-18.72,0.0,0.0
20,2022-11-11 15:31:03,ULTRACEMCO,6850,0.0,0.0,0.0,134,0,6300,24-Nov-2022,-1.7937219730941705,-3.049999999999999,0.0,438,-8,-8,-18.72,0.0,0.0
21,2022-11-11 15:31:03,ULTRACEMCO,6850,0.0,36.19999999999999,42.73,111,0,6400,24-Nov-2022,-5.9760956175298805,-5.350000000000001,0.0,472,-30,-30,-18.72,0.0,0.0
22,2022-11-11 15:31:03,ULTRACEMCO,6850,-10.638297872340425,-26.450000000000045,0.0,168,-20,6500,24-Nov-2022,-2.844311377245509,-8.699999999999996,0.0,649,-19,1,-18.72,0.0,649.0
23,2022-11-11 15:31:03,ULTRACEMCO,6850,-0.45454545454545453,-5.350000000000023,0.0,219,-1,6600,24-Nov-2022,-6.772908366533865,-11.75,0.0,468,-34,-33,-18.72,0.0,0.0
24,2022-11-11 15:31:03,ULTRACEMCO,6850,-1.646090534979424,2.5999999999999943,0.0,239,-4,6700,24-Nov-2022,-0.7504690431519699,-16.700000000000003,25.79,529,-4,0,-18.72,0.0,529.0
25,2022-11-11 15:31:03,ULTRACEMCO,6850,9.688581314878892,-2.8499999999999943,0.0,317,28,6800,24-Nov-2022,-1.187648456057007,-18.049999999999997,25.49,416,-5,-33,-18.72,0.0,0.0
26,2022-11-11 15:31:03,ULTRACEMCO,6850,10.471204188481675,-4.75,26.86,633,60,6900,24-Nov-2022,23.497267759562842,-21.69999999999999,0.0,226,43,-17,-18.72,0.0,0.0
27,2022-11-11 15:31:03,ULTRACEMCO,6850,7.3712737127371275,-5.650000000000006,27.73,1981,136,7000,24-Nov-2022,-11.799410029498524,-23.05000000000001,0.0,299,-40,-176,-18.72,1981.0,0.0
28,2022-11-11 15:31:03,ULTRACEMCO,6850,1.6348773841961852,-4.299999999999997,27.31,746,12,7100,24-Nov-2022,-9.090909090909092,47.85000000000002,0.0,40,-4,-16,-18.72,0.0,0.0
29,2022-11-11 15:31:03,ULTRACEMCO,6850,10.079275198187995,-4.199999999999996,0.0,972,89,7200,24-Nov-2022,0.0,18.69999999999999,0.0,6,0,-89,-18.72,972.0,0.0
30,2022-11-11 15:31:03,ULTRACEMCO,6850,-1.5748031496062993,-4.100000000000001,0.0,500,-8,7300,24-Nov-2022,0.0,0.0,0.0,3,0,8,-18.72,0.0,0.0
31,2022-11-11 15:31:03,ULTRACEMCO,6850,-1.8726591760299625,-2.1499999999999986,0.0,524,-10,7400,24-Nov-2022,0.0,0.0,0.0,2,0,10,-18.72,0.0,0.0
32,2022-11-11 15:31:03,ULTRACEMCO,6850,-11.259754738015607,-1.5,0.0,796,-101,7500,24-Nov-2022,0.0,0.0,0.0,10,0,101,-18.72,796.0,0.0
33,2022-11-11 15:31:03,ULTRACEMCO,6850,1.8575851393188854,-1.299999999999999,31.92,329,6,7600,24-Nov-2022,0.0,0.0,0.0,0,0,-6,-18.72,0.0,0.0
34,2022-11-11 15:31:03,ULTRACEMCO,6850,3.763440860215054,-1.0,0.0,193,7,7700,24-Nov-2022,0.0,0.0,0.0,0,0,-7,-18.72,0.0,0.0
35,2022-11-11 15:31:03,ULTRACEMCO,6850,20.833333333333332,-0.7000000000000002,0.0,232,40,7800,24-Nov-2022,0.0,0.0,0.0,0,0,-40,-18.72,0.0,0.0
36,2022-11-11 15:31:03,ULTRACEMCO,6850,-10.985915492957746,-0.6500000000000004,0.0,316,-39,7900,24-Nov-2022,0.0,0.0,0.0,0,0,39,-18.72,0.0,0.0
37,2022-11-11 15:31:03,ULTRACEMCO,6850,31.683168316831683,-0.5999999999999996,0.0,133,32,8000,24-Nov-2022,0.0,0.0,0.0,0,0,-32,-18.72,0.0,0.0
